Counts18q (123 runs):
1437, 9412, 8871, 20469, 1194, 1552, 27268, 3754, 3587, 1627, 6494, 54341, 22194, 
83847, 19649, 33473, 1424, 7941, 6451, 4050, 7976, 18441, 50909, 53413, 102486, 24467, 
24079, 78993, 26100, 170833, 67443, 60581, 7861, 151223, 158432, 18147, 203468, 86928, 74886, 
12423, 92099, 109025, 105882, 80091, 56133, 72294, 20309, 283366, 154593, 87766, 19324, 97752, 
104581, 16855, 15839, 93031, 147048, 130988, 31833, 22272, 117295, 88909, 202591, 109475, 73312, 
19463, 248482, 21027, 162120, 40184, 103878, 74517, 26328, 10041, 38644, 44455, 60796, 438079, 
80228, 46970, 197663, 77608, 374508, 31408, 65267, 115394, 311491, 87954, 80068, 317138, 299847, 
80530, 107767, 57698, 65936, 263008, 158927, 142479, 57342, 55723, 17954, 178499, 32183, 144623, 
447963, 127687, 20080, 24370, 54637, 77211, 284437, 222096, 90738, 23139, 31230, 16106, 109986, 
38995, 167669, 113039, 14201, 49971, 108904

Counts18r (96 runs):
445822, 40468, 19060, 295954, 591829, 568073, 44130, 166915, 90397, 39207, 331402, 14923, 71113, 
155519, 141597, 15307, 152917, 24253, 171664, 117416, 565813, 151481, 29071, 66309, 521260, 281767, 
143134, 294328, 59652, 278584, 37110, 100410, 174076, 274603, 195054, 202052, 197906, 379260, 300011, 
68256, 62412, 125344, 120861, 233226, 164489, 54190, 202393, 242382, 123389, 43871, 404369, 530537, 
20778, 101409, 346548, 514265, 129032, 75880, 33768, 31449, 11574, 189079, 23496, 8359, 32374, 
9717, 105290, 102229, 297634, 327571, 377723, 71205, 32472, 20938, 173432, 136227, 387223, 283883, 
106716, 423901, 104321, 72747, 56314, 424440, 554439, 111360, 88212, 98061, 23936, 208110, 76480, 
377664, 22174, 294363, 199435, 82380