Counts18q (123 runs):
264, 1150, 1178, 3006, 167, 206, 3826, 485, 957, 576, 902, 2640, 1106, 
3287, 693, 1090, 141, 238, 203, 106, 320, 665, 1436, 1401, 2710, 635, 
681, 2794, 695, 4179, 1630, 1675, 202, 4013, 4178, 470, 3616, 2202, 1947, 
338, 2439, 2813, 2777, 2042, 1345, 1788, 2836, 12756, 13743, 7176, 1649, 8459, 
9179, 1321, 1277, 7724, 12147, 11683, 2824, 2168, 10486, 8331, 18925, 10675, 7531, 
2089, 21907, 2379, 15087, 3712, 10380, 7840, 2941, 1538, 3916, 4401, 6206, 39611, 
7949, 4948, 18490, 6762, 33881, 1868, 6776, 10292, 27914, 8748, 8273, 28077, 27108, 
7867, 10883, 6125, 7203, 23533, 13727, 12942, 5579, 5616, 1833, 18633, 3662, 12597, 
39617, 11181, 2064, 2174, 4840, 6976, 24973, 9467, 6817, 1186, 2995, 856, 6938, 
1687, 3967, 6928, 849, 4211, 9156

Counts18r (96 runs):
35438, 3409, 1659, 26692, 48323, 47750, 3986, 14892, 8793, 3558, 16597, 1308, 6352, 
14149, 13125, 1313, 7721, 2164, 15524, 10615, 34954, 12847, 2680, 3653, 34979, 22995, 
11442, 12107, 4943, 9445, 3237, 9030, 15583, 24835, 9631, 18259, 17438, 30149, 26678, 
6037, 5485, 11179, 10745, 11665, 15026, 2622, 10004, 12025, 11572, 4520, 37929, 38450, 
2007, 9288, 32409, 22918, 8121, 7196, 2982, 3024, 1097, 18644, 2614, 902, 3727, 
1081, 9382, 9295, 14921, 16368, 35047, 6988, 2925, 1911, 15761, 12583, 35839, 25382, 
9554, 38974, 9653, 6777, 5557, 37527, 39026, 10365, 7971, 8684, 2399, 19018, 6900, 
34209, 2288, 26344, 17698, 7568