Dataset contains 3635 events.
***
pT range		NCohJ 	err 	NIncJ 	err 	NDiss 	err 	NCohP 	err 	NIncP 	err 	fC 	err 	fD coh	err 	fD inc	err 	fD 	err
(0.000, 2.000) GeV/c	2904.82	53.91	332.03	28.82	191.66	21.71	182.67	3.39	24.48	2.13
(0.200, 2.000) GeV/c	8.52	0.16	264.91	22.99	181.52	20.56	81.07	1.50	19.42	1.69	1.91	0.14	18.16	1.30	4.35	0.48	22.51	1.39
(0.200, 1.000) GeV/c	8.52	0.16	262.09	22.75	121.86	13.80	81.07	1.50	19.28	1.67
(0.200, 0.264) GeV/c	8.39	0.16	40.69	3.53	7.09	0.80	40.99	0.76	3.19	0.28	17.56	1.37	85.79	6.70	6.67	0.77	92.46	6.74
(0.264, 0.335) GeV/c	0.12	0.00	47.62	4.13	9.49	1.08	27.98	0.52	3.59	0.31	0.22	0.02	48.99	3.77	6.29	0.72	55.28	3.84
(0.335, 0.445) GeV/c	0.00	0.00	63.72	5.53	17.36	1.97	11.00	0.20	4.75	0.41	0.00	0.00	13.57	1.01	5.86	0.66	19.43	1.21
(0.445, 0.658) GeV/c	0.00	0.00	76.36	6.63	36.74	4.16	1.09	0.02	5.56	0.48	0.00	0.00	0.97	0.07	4.92	0.55	5.88	0.55
(0.658, 1.000) GeV/c	0.00	0.00	33.70	2.93	51.17	5.80	0.00	0.00	2.19	0.19	0.00	0.00	0.00	0.00	2.58	0.30	2.58	0.30
