Dataset contains 3635 events.
***
pT range		NCohJ 	err 	NIncJ 	err 	NDiss 	err 	NCohP 	err 	NIncP 	err 	fC 	err 	fD coh	err 	fD inc	err 	fD 	err
(0.000, 2.000) GeV/c	2879.34	53.89	365.09	29.52	183.23	21.20	181.07	3.39	26.92	2.18
(0.200, 2.000) GeV/c	8.58	0.16	291.29	23.56	173.53	20.08	80.36	1.50	21.35	1.73	1.85	0.13	17.29	1.20	4.59	0.48	21.88	1.29
(0.200, 1.000) GeV/c	8.58	0.16	288.18	23.30	116.50	13.48	80.36	1.50	21.20	1.71
(0.200, 0.264) GeV/c	8.45	0.16	44.74	3.62	6.78	0.78	40.63	0.76	3.51	0.28	16.41	1.22	78.87	5.86	6.80	0.74	85.67	5.90
(0.264, 0.335) GeV/c	0.12	0.00	52.36	4.23	9.07	1.05	27.73	0.52	3.95	0.32	0.20	0.01	45.14	3.32	6.43	0.69	51.57	3.39
(0.335, 0.445) GeV/c	0.00	0.00	70.06	5.67	16.60	1.92	10.91	0.20	5.22	0.42	0.00	0.00	12.59	0.90	6.03	0.64	18.61	1.11
(0.445, 0.658) GeV/c	0.00	0.00	83.96	6.79	35.12	4.06	1.08	0.02	6.12	0.49	0.00	0.00	0.91	0.06	5.14	0.54	6.05	0.54
(0.658, 1.000) GeV/c	0.00	0.00	37.06	3.00	48.92	5.66	0.00	0.00	2.41	0.19	0.00	0.00	0.00	0.00	2.80	0.31	2.80	0.31
