Dataset contains 3635 events.
***
pT range		NCohJ 	err 	NIncJ 	err 	NDiss 	err 	NCohP 	err 	NIncP 	err 	fC 	err 	fD coh	err 	fD inc	err 	fD 	err
(0.000, 2.000) GeV/c	2890.44	53.90	350.58	29.22	186.85	21.42	181.77	3.39	25.85	2.15
(0.200, 2.000) GeV/c	8.57	0.16	279.71	23.32	176.96	20.29	80.67	1.50	20.51	1.71	1.88	0.13	17.66	1.24	4.49	0.48	22.15	1.33
(0.200, 1.000) GeV/c	8.57	0.16	276.73	23.07	118.80	13.62	80.67	1.50	20.36	1.70
(0.200, 0.264) GeV/c	8.45	0.16	42.96	3.58	6.91	0.79	40.79	0.76	3.37	0.28	16.94	1.28	81.78	6.20	6.75	0.75	88.53	6.25
(0.264, 0.335) GeV/c	0.12	0.00	50.28	4.19	9.25	1.06	27.84	0.52	3.79	0.32	0.21	0.02	46.76	3.51	6.37	0.70	53.13	3.58
(0.335, 0.445) GeV/c	0.00	0.00	67.27	5.61	16.93	1.94	10.95	0.20	5.02	0.42	0.00	0.00	13.00	0.95	5.96	0.65	18.96	1.15
(0.445, 0.658) GeV/c	0.00	0.00	80.62	6.72	35.82	4.11	1.09	0.02	5.87	0.49	0.00	0.00	0.93	0.07	5.04	0.54	5.98	0.55
(0.658, 1.000) GeV/c	0.00	0.00	35.59	2.97	49.89	5.72	0.00	0.00	2.31	0.19	0.00	0.00	0.00	0.00	2.70	0.30	2.70	0.30
