Dataset contains 3635 events.
***
pT range		NCohJ 	err 	NIncJ 	err 	NDiss 	err 	NCohP 	err 	NIncP 	err 	fC 	err 	fD coh	err 	fD inc	err 	fD 	err
(0.000, 2.000) GeV/c	2882.30	53.89	361.24	29.44	184.18	21.26	181.26	3.39	26.64	2.17
(0.200, 2.000) GeV/c	8.58	0.16	288.21	23.49	174.43	20.14	80.44	1.50	21.13	1.72	1.85	0.13	17.39	1.21	4.57	0.48	21.95	1.30
(0.200, 1.000) GeV/c	8.58	0.16	285.14	23.24	117.10	13.52	80.44	1.50	20.98	1.71
(0.200, 0.264) GeV/c	8.45	0.16	44.27	3.61	6.81	0.79	40.67	0.76	3.47	0.28	16.55	1.24	79.62	5.95	6.79	0.74	86.41	5.99
(0.264, 0.335) GeV/c	0.12	0.00	51.81	4.22	9.12	1.05	27.76	0.52	3.91	0.32	0.20	0.02	45.56	3.36	6.41	0.70	51.98	3.44
(0.335, 0.445) GeV/c	0.00	0.00	69.32	5.65	16.68	1.93	10.92	0.20	5.17	0.42	0.00	0.00	12.69	0.91	6.01	0.64	18.70	1.12
(0.445, 0.658) GeV/c	0.00	0.00	83.07	6.77	35.31	4.08	1.08	0.02	6.05	0.49	0.00	0.00	0.92	0.06	5.11	0.54	6.03	0.54
(0.658, 1.000) GeV/c	0.00	0.00	36.67	2.99	49.18	5.68	0.00	0.00	2.38	0.19	0.00	0.00	0.00	0.00	2.77	0.31	2.77	0.31
