Dataset contains 3635 events.
***
pT range		NCohJ 	err 	NIncJ 	err 	NDiss 	err 	NCohP 	err 	NIncP 	err 	fC 	err 	fD coh	err 	fD inc	err 	fD 	err
(0.000, 2.000) GeV/c	2892.94	53.90	347.29	29.16	187.69	21.47	181.93	3.39	25.61	2.15
(0.200, 2.000) GeV/c	8.57	0.16	277.09	23.26	177.76	20.34	80.74	1.50	20.31	1.71	1.88	0.13	17.75	1.25	4.47	0.48	22.22	1.34
(0.200, 1.000) GeV/c	8.57	0.16	274.13	23.02	119.33	13.65	80.74	1.50	20.17	1.69
(0.200, 0.264) GeV/c	8.44	0.16	42.56	3.57	6.94	0.79	40.82	0.76	3.33	0.28	17.06	1.30	82.47	6.29	6.74	0.75	89.20	6.33
(0.264, 0.335) GeV/c	0.12	0.00	49.81	4.18	9.29	1.06	27.87	0.52	3.76	0.32	0.21	0.02	47.14	3.55	6.36	0.71	53.50	3.62
(0.335, 0.445) GeV/c	0.00	0.00	66.64	5.60	17.00	1.95	10.96	0.20	4.97	0.42	0.00	0.00	13.10	0.96	5.94	0.65	19.04	1.16
(0.445, 0.658) GeV/c	0.00	0.00	79.86	6.71	35.98	4.12	1.09	0.02	5.82	0.49	0.00	0.00	0.94	0.07	5.02	0.54	5.96	0.55
(0.658, 1.000) GeV/c	0.00	0.00	35.25	2.96	50.11	5.73	0.00	0.00	2.29	0.19	0.00	0.00	0.00	0.00	2.68	0.30	2.68	0.30
