Dataset contains 3635 events.
***
pT range		NCohJ 	err 	NIncJ 	err 	NDiss 	err 	NCohP 	err 	NIncP 	err 	fC 	err 	fD coh	err 	fD inc	err 	fD 	err
(0.000, 2.000) GeV/c	2901.31	53.91	336.18	28.92	190.58	21.65	182.45	3.39	24.79	2.13
(0.200, 2.000) GeV/c	8.54	0.16	268.22	23.08	180.49	20.50	80.97	1.50	19.66	1.69	1.90	0.14	18.04	1.29	4.38	0.48	22.43	1.37
(0.200, 1.000) GeV/c	8.54	0.16	265.36	22.83	121.17	13.76	80.97	1.50	19.52	1.68
(0.200, 0.264) GeV/c	8.41	0.16	41.20	3.54	7.05	0.80	40.94	0.76	3.23	0.28	17.44	1.35	84.86	6.58	6.69	0.76	91.55	6.63
(0.264, 0.335) GeV/c	0.12	0.00	48.22	4.15	9.44	1.07	27.95	0.52	3.64	0.31	0.21	0.02	48.47	3.71	6.31	0.72	54.78	3.78
(0.335, 0.445) GeV/c	0.00	0.00	64.51	5.55	17.26	1.96	10.99	0.20	4.81	0.41	0.00	0.00	13.44	1.00	5.88	0.66	19.32	1.20
(0.445, 0.658) GeV/c	0.00	0.00	77.31	6.65	36.53	4.15	1.09	0.02	5.63	0.48	0.00	0.00	0.96	0.07	4.95	0.55	5.91	0.55
(0.658, 1.000) GeV/c	0.00	0.00	34.12	2.94	50.88	5.78	0.00	0.00	2.22	0.19	0.00	0.00	0.00	0.00	2.61	0.30	2.61	0.30
