Dataset contains 3635 events.
***
pT range		NCohJ 	err 	NIncJ 	err 	NDiss 	err 	NCohP 	err 	NIncP 	err 	fC 	err 	fD coh	err 	fD inc	err 	fD 	err
(0.000, 2.000) GeV/c	2899.48	53.91	338.63	28.98	189.93	21.61	182.34	3.39	24.97	2.14
(0.200, 2.000) GeV/c	8.55	0.16	270.18	23.12	179.88	20.46	80.92	1.50	19.81	1.69	1.90	0.14	17.98	1.28	4.40	0.48	22.38	1.37
(0.200, 1.000) GeV/c	8.55	0.16	267.30	22.87	120.76	13.74	80.92	1.50	19.67	1.68
(0.200, 0.264) GeV/c	8.42	0.16	41.50	3.55	7.03	0.80	40.92	0.76	3.25	0.28	17.36	1.34	84.32	6.52	6.70	0.76	91.02	6.56
(0.264, 0.335) GeV/c	0.12	0.00	48.57	4.16	9.41	1.07	27.93	0.52	3.66	0.31	0.21	0.02	48.17	3.68	6.32	0.72	54.49	3.75
(0.335, 0.445) GeV/c	0.00	0.00	64.98	5.56	17.21	1.96	10.98	0.20	4.85	0.41	0.00	0.00	13.36	0.99	5.90	0.66	19.26	1.19
(0.445, 0.658) GeV/c	0.00	0.00	77.87	6.66	36.41	4.14	1.09	0.02	5.67	0.49	0.00	0.00	0.95	0.07	4.96	0.54	5.92	0.55
(0.658, 1.000) GeV/c	0.00	0.00	34.37	2.94	50.71	5.77	0.00	0.00	2.23	0.19	0.00	0.00	0.00	0.00	2.62	0.30	2.62	0.30
