Dataset contains 3635 events.
***
pT range		NCohJ 	err 	NIncJ 	err 	NDiss 	err 	NCohP 	err 	NIncP 	err 	fC 	err 	fD coh	err 	fD inc	err 	fD 	err
(0.000, 2.000) GeV/c	2903.25	53.91	334.11	28.87	191.11	21.68	182.57	3.39	24.64	2.13
(0.200, 2.000) GeV/c	8.53	0.16	266.57	23.03	180.99	20.53	81.02	1.50	19.54	1.69	1.91	0.14	18.10	1.29	4.37	0.48	22.47	1.38
(0.200, 1.000) GeV/c	8.53	0.16	263.73	22.79	121.51	13.78	81.02	1.50	19.40	1.68
(0.200, 0.264) GeV/c	8.40	0.16	40.95	3.54	7.07	0.80	40.97	0.76	3.21	0.28	17.50	1.36	85.33	6.64	6.68	0.77	92.01	6.68
(0.264, 0.335) GeV/c	0.12	0.00	47.92	4.14	9.46	1.07	27.97	0.52	3.61	0.31	0.22	0.02	48.73	3.74	6.30	0.72	55.03	3.81
(0.335, 0.445) GeV/c	0.00	0.00	64.11	5.54	17.31	1.96	11.00	0.20	4.78	0.41	0.00	0.00	13.50	1.01	5.87	0.66	19.38	1.20
(0.445, 0.658) GeV/c	0.00	0.00	76.83	6.64	36.63	4.16	1.09	0.02	5.60	0.48	0.00	0.00	0.96	0.07	4.93	0.55	5.90	0.55
(0.658, 1.000) GeV/c	0.00	0.00	33.91	2.93	51.03	5.79	0.00	0.00	2.20	0.19	0.00	0.00	0.00	0.00	2.59	0.30	2.59	0.30
