Dataset contains 3635 events.
***
pT range		NCohJ 	err 	NIncJ 	err 	NDiss 	err 	NCohP 	err 	NIncP 	err 	fC 	err 	fD coh	err 	fD inc	err 	fD 	err
(0.000, 2.000) GeV/c	2897.50	53.91	341.25	29.03	189.25	21.57	182.21	3.39	25.16	2.14
(0.200, 2.000) GeV/c	8.56	0.16	272.27	23.16	179.23	20.43	80.86	1.50	19.96	1.70	1.89	0.13	17.91	1.27	4.42	0.48	22.33	1.36
(0.200, 1.000) GeV/c	8.56	0.16	269.37	22.92	120.32	13.71	80.86	1.50	19.82	1.69
(0.200, 0.264) GeV/c	8.43	0.16	41.82	3.56	7.00	0.80	40.89	0.76	3.28	0.28	17.27	1.33	83.75	6.45	6.71	0.76	90.46	6.49
(0.264, 0.335) GeV/c	0.12	0.00	48.95	4.16	9.37	1.07	27.91	0.52	3.69	0.31	0.21	0.02	47.86	3.64	6.33	0.71	54.19	3.71
(0.335, 0.445) GeV/c	0.00	0.00	65.48	5.57	17.14	1.95	10.97	0.20	4.88	0.42	0.00	0.00	13.28	0.98	5.91	0.66	19.19	1.18
(0.445, 0.658) GeV/c	0.00	0.00	78.48	6.68	36.28	4.13	1.09	0.02	5.72	0.49	0.00	0.00	0.95	0.07	4.98	0.54	5.93	0.55
(0.658, 1.000) GeV/c	0.00	0.00	34.64	2.95	50.53	5.76	0.00	0.00	2.25	0.19	0.00	0.00	0.00	0.00	2.64	0.30	2.64	0.30
