Dataset contains 3635 events.
***
pT range		NCohJ 	err 	NIncJ 	err 	NDiss 	err 	NCohP 	err 	NIncP 	err 	fC 	err 	fD coh	err 	fD inc	err 	fD 	err
(0.000, 2.000) GeV/c	2885.11	53.89	357.57	29.36	185.09	21.31	181.43	3.39	26.37	2.17
(0.200, 2.000) GeV/c	8.58	0.16	285.29	23.43	175.29	20.18	80.52	1.50	20.91	1.72	1.86	0.13	17.48	1.22	4.54	0.48	22.02	1.31
(0.200, 1.000) GeV/c	8.58	0.16	282.25	23.18	117.68	13.55	80.52	1.50	20.77	1.71
(0.200, 0.264) GeV/c	8.45	0.16	43.82	3.60	6.85	0.79	40.71	0.76	3.43	0.28	16.68	1.25	80.35	6.03	6.78	0.74	87.13	6.08
(0.264, 0.335) GeV/c	0.12	0.00	51.29	4.21	9.17	1.06	27.79	0.52	3.87	0.32	0.21	0.02	45.97	3.41	6.40	0.70	52.37	3.48
(0.335, 0.445) GeV/c	0.00	0.00	68.62	5.63	16.77	1.93	10.93	0.20	5.12	0.42	0.00	0.00	12.80	0.92	5.99	0.65	18.79	1.13
(0.445, 0.658) GeV/c	0.00	0.00	82.23	6.75	35.48	4.09	1.09	0.02	5.99	0.49	0.00	0.00	0.92	0.06	5.09	0.54	6.01	0.54
(0.658, 1.000) GeV/c	0.00	0.00	36.30	2.98	49.42	5.69	0.00	0.00	2.36	0.19	0.00	0.00	0.00	0.00	2.75	0.31	2.75	0.31
