Dataset contains 3635 events.
***
pT range		NCohJ 	err 	NIncJ 	err 	NDiss 	err 	NCohP 	err 	NIncP 	err 	fC 	err 	fD coh	err 	fD inc	err 	fD 	err
(0.000, 2.000) GeV/c	2895.30	53.91	344.17	29.09	188.49	21.52	182.07	3.39	25.38	2.15
(0.200, 2.000) GeV/c	8.56	0.16	274.60	23.21	178.52	20.38	80.80	1.50	20.13	1.70	1.89	0.13	17.83	1.26	4.44	0.48	22.28	1.35
(0.200, 1.000) GeV/c	8.56	0.16	271.67	22.97	119.84	13.68	80.80	1.50	19.99	1.69
(0.200, 0.264) GeV/c	8.44	0.16	42.18	3.57	6.97	0.80	40.86	0.76	3.30	0.28	17.17	1.32	83.13	6.37	6.72	0.76	89.85	6.41
(0.264, 0.335) GeV/c	0.12	0.00	49.36	4.17	9.33	1.07	27.89	0.52	3.72	0.31	0.21	0.02	47.51	3.60	6.34	0.71	53.85	3.67
(0.335, 0.445) GeV/c	0.00	0.00	66.04	5.58	17.07	1.95	10.97	0.20	4.92	0.42	0.00	0.00	13.19	0.97	5.93	0.65	19.12	1.17
(0.445, 0.658) GeV/c	0.00	0.00	79.15	6.69	36.13	4.13	1.09	0.02	5.77	0.49	0.00	0.00	0.95	0.07	5.00	0.54	5.95	0.55
(0.658, 1.000) GeV/c	0.00	0.00	34.94	2.95	50.33	5.75	0.00	0.00	2.27	0.19	0.00	0.00	0.00	0.00	2.66	0.30	2.66	0.30
