Dataset contains 3635 events.
***
pT range		NCohJ 	err 	NIncJ 	err 	NDiss 	err 	NCohP 	err 	NIncP 	err 	fC 	err 	fD coh	err 	fD inc	err 	fD 	err
(0.000, 2.000) GeV/c	2906.24	53.91	330.16	28.77	192.16	21.74	182.76	3.39	24.34	2.12
(0.200, 2.000) GeV/c	8.50	0.16	263.42	22.95	181.99	20.59	81.11	1.50	19.31	1.68	1.91	0.14	18.21	1.31	4.34	0.48	22.55	1.39
(0.200, 1.000) GeV/c	8.50	0.16	260.61	22.71	122.18	13.82	81.11	1.50	19.17	1.67
(0.200, 0.264) GeV/c	8.38	0.16	40.46	3.53	7.11	0.80	41.01	0.76	3.17	0.28	17.61	1.38	86.21	6.75	6.66	0.77	92.88	6.79
(0.264, 0.335) GeV/c	0.12	0.00	47.36	4.13	9.52	1.08	27.99	0.52	3.57	0.31	0.22	0.02	49.22	3.80	6.28	0.72	55.50	3.87
(0.335, 0.445) GeV/c	0.00	0.00	63.36	5.52	17.41	1.97	11.01	0.20	4.72	0.41	0.00	0.00	13.63	1.02	5.85	0.66	19.48	1.22
(0.445, 0.658) GeV/c	0.00	0.00	75.92	6.62	36.84	4.17	1.09	0.02	5.53	0.48	0.00	0.00	0.97	0.07	4.90	0.55	5.87	0.55
(0.658, 1.000) GeV/c	0.00	0.00	33.51	2.92	51.31	5.80	0.00	0.00	2.18	0.19	0.00	0.00	0.00	0.00	2.57	0.30	2.57	0.30
