Dataset contains 3635 events.
***
pT range		NCohJ 	err 	NIncJ 	err 	NDiss 	err 	NCohP 	err 	NIncP 	err 	fC 	err 	fD coh	err 	fD inc	err 	fD 	err
(0.000, 2.000) GeV/c	2887.82	53.90	354.02	29.29	185.98	21.37	181.60	3.39	26.10	2.16
(0.200, 2.000) GeV/c	8.57	0.16	282.46	23.37	176.14	20.24	80.59	1.50	20.71	1.71	1.87	0.13	17.57	1.23	4.52	0.48	22.09	1.32
(0.200, 1.000) GeV/c	8.57	0.16	279.45	23.12	118.25	13.59	80.59	1.50	20.56	1.70
(0.200, 0.264) GeV/c	8.45	0.16	43.39	3.59	6.88	0.79	40.75	0.76	3.40	0.28	16.81	1.27	81.07	6.12	6.76	0.75	87.83	6.16
(0.264, 0.335) GeV/c	0.12	0.00	50.78	4.20	9.21	1.06	27.82	0.52	3.83	0.32	0.21	0.02	46.37	3.46	6.38	0.70	52.75	3.53
(0.335, 0.445) GeV/c	0.00	0.00	67.93	5.62	16.85	1.94	10.94	0.20	5.07	0.42	0.00	0.00	12.90	0.94	5.98	0.65	18.88	1.14
(0.445, 0.658) GeV/c	0.00	0.00	81.41	6.74	35.65	4.10	1.09	0.02	5.93	0.49	0.00	0.00	0.93	0.06	5.07	0.54	5.99	0.54
(0.658, 1.000) GeV/c	0.00	0.00	35.94	2.97	49.66	5.71	0.00	0.00	2.33	0.19	0.00	0.00	0.00	0.00	2.73	0.30	2.73	0.30
