0.0 1513.9145508401607
0.001 1144.0390525592286
0.002 856.4979539821495
0.003 633.7816050823133
0.004 462.76541647414854
0.005 333.1657566462087
0.006 235.349782031768
0.007 162.86114824880153
0.008 109.9131608859133
0.009 71.73824105200941
0.01 44.82804949994699
0.011 26.621982403223853
0.012 14.432616691229603
0.013 6.990651813468152
0.014 2.678814715298905
0.015 0.6165844602199525
0.016 0.002862123209155983
0.017 0.3124790416170281
0.018 1.1430011016844603
0.019 2.22637356807055
0.02 3.3275360001629712
0.021 4.340484393005298
0.022 5.194488443988483
0.023 5.880181816572905
0.024 6.376201618706001
0.025 6.580712221814174
0.026 6.686301705331262
0.027 6.611554322901458
0.028 6.390181610940327
0.029 6.043765245535187
0.03 5.614702021549565
0.031 5.152894892865123
0.032 4.6660554702397965
0.033 4.146235365462991
0.034 3.715709513990072
0.035 3.1759477484337406
0.036 2.716457059137609
0.037 2.3239513545583956
0.038 1.8962608220349488
0.039 1.5866696045447304
0.04 1.2632568778032292
0.041 0.9758276467494962
0.042 0.7522115164609974
0.043 0.5446616043329635
0.044 0.3873345312800316
0.045 0.26195800403614805
0.046 0.17384271100654658
0.047 0.1003000773078664
0.048 0.04727016601314162
0.049 0.01868452723591933
0.05 0.0016867423019205977
0.051 0.0004572867344605357
0.052 0.007895517807024997
0.053 0.02176154794382554
0.054 0.041659758019492704
0.055 0.06949088845125267
0.056 0.09521084132235401
0.057 0.11601205279678714
0.058 0.14938530898602392
0.059 0.15875075675701156
0.06 0.19190878729408947
0.061 0.20141014181736483
0.062 0.2212427788471955
0.063 0.23650624892510502
0.064 0.2461627900688283
0.065 0.24448101742855158
0.066 0.24564189871785788
0.067 0.25274645948144264
0.068 0.2366467770021948
0.069 0.24549645347342344
0.07 0.23520925091154127
0.071 0.21549843795686857
0.072 0.20434357633037387
0.073 0.20025295704506643
0.074 0.17040863551002344
0.075 0.17070782233118661
0.076 0.15984020239026986
0.077 0.14723780229689573
0.078 0.12499087918768352
0.079 0.10441281090273176
0.08 0.10319313034748787
0.081 0.08105748000693616
0.082 0.07842755439436555
0.083 0.06289407047021721
0.084 0.052450786632662214
0.085 0.03851982603937531
0.086 0.029445084177763165
0.087 0.02713242853458855
0.088 0.01762855246637968
0.089 0.011460847221190092
0.09 0.008287264362498955
0.091 0.004461974059549989
0.092 0.0026482284648568187
0.093 0.0011000790941025698
0.094 0.0001346434207876381
0.095 6.637412356383787e-05
0.096 0.0003703210500228371
0.097 0.002173279886851367
0.098 0.00451507583354607
0.099 0.004730864200931925
0.1 0.009081621058144132
0.101 0.011577603789978337
0.102 0.014557925214606067
0.103 0.01586268117686776
0.104 0.02201359523024524
0.105 0.023494013935196754
0.106 0.028848250504370405
0.107 0.03016061178747097
0.108 0.03206239079952291
0.109 0.035601062475162315
0.11 0.04075961331864341
0.111 0.04415266948223828
0.112 0.04503735212856077
0.113 0.047611153171769324
0.114 0.053805868036931076
0.115 0.05816470113126189
0.116 0.05481778149189058
0.117 0.05206640888137132
0.118 0.06054727463551806
0.119 0.056334835572163226
0.12 0.05597535559926318
0.121 0.061033218606044555
0.122 0.05363845683571292
0.123 0.06117348214378353
0.124 0.055522499254881494
0.125 0.05867291866038857
0.126 0.0554449624427294
0.127 0.05581580702428522
0.128 0.05285747469384931
0.129 0.05117968850832046
0.13 0.041823019711802877
0.131 0.049184321947647346
0.132 0.04559330983477873
0.133 0.03962746309941748
0.134 0.041745155041159575
0.135 0.03649185473478794
0.136 0.03703475214307209
0.137 0.03655568842495523
0.138 0.036120763456879215
0.139 0.02817986191549165
0.14 0.031240598548357416
0.141 0.028229410881164065
0.142 0.02569380914327172
0.143 0.02072981346902312
0.144 0.021476710109730752
0.145 0.019808119706677684
0.146 0.016636703694153498
0.147 0.017540254284867784
0.148 0.013789128379045253
0.149 0.014097387787369577
