0.0 0.2033832402370997
0.001 1.6886427258284629
0.002 2.895814694288108
0.003 3.756960422251882
0.004 4.46146549275154
0.005 5.018010644565888
0.006 5.390301755443395
0.007 5.720898751356781
0.008 5.966565848918771
0.009 6.109821070721876
0.01 6.216287896010986
0.011 6.283256979222437
0.012 6.293228157865577
0.013 6.329766672330972
0.014 6.31156304789584
0.015 6.304317292261151
0.016 6.271044818148892
0.017 6.2474357588909175
0.018 6.165012482317334
0.019 6.070644269932824
0.02 6.0054883183725165
0.021 6.0118530593424
0.022 5.897943359356894
0.023 5.823590309575828
0.024 5.78131711851894
0.025 5.719535907613081
0.026 5.681587680916772
0.027 5.624354234193011
0.028 5.59241101964716
0.029 5.530552322547684
0.03 5.501493530789246
0.031 5.445116713750229
0.032 5.373672725760574
0.033 5.345149293539482
0.034 5.306101243961105
0.035 5.297163397005658
0.036 5.24267445287045
0.037 5.200201895222616
0.038 5.182875491424173
0.039 5.207943163793775
0.04 5.1550140390244
0.041 5.102382613480589
0.042 5.108083711883339
0.043 5.098162962302836
0.044 5.0841825831893885
0.045 5.1127603685966925
0.046 5.068174945670139
0.047 5.09100759381646
0.048 5.104547278078205
0.049 5.067159927203651
0.05 5.102299040645483
0.051 5.108106126757611
0.052 5.08196929215488
0.053 5.09150460695414
0.054 5.087831147933774
0.055 5.072215215345047
0.056 5.13040148510295
0.057 5.112681991223669
0.058 5.169220954446048
0.059 5.145047904063428
0.06 5.088116564745812
0.061 5.100761129539285
0.062 5.079477858108555
0.063 5.079073681329556
0.064 5.076104043495131
0.065 5.081558063934643
0.066 5.063854857492382
0.067 5.044599918389099
0.068 4.990012217844198
0.069 5.031518617998811
0.07 5.054476113922193
0.071 4.9922569545322535
0.072 4.989869508927434
0.073 4.974915777258695
0.074 4.925804130900751
0.075 4.911488009791998
0.076 4.895979410136586
0.077 4.868145923100418
0.078 4.900842946633487
0.079 4.8352127828958675
0.08 4.823598636467511
0.081 4.791422144339408
0.082 4.764516959403134
0.083 4.806902041359379
0.084 4.75837901852781
0.085 4.763274797746325
0.086 4.7363170291132555
0.087 4.710799859782827
0.088 4.670754366378216
0.089 4.69386167501041
0.09 4.649540364984617
0.091 4.59556625215948
0.092 4.556040952307352
0.093 4.605126227944855
0.094 4.492880042179255
0.095 4.538124881372724
0.096 4.504721494524828
0.097 4.494143466112301
0.098 4.456479175913739
0.099 4.469683581877355
0.1 4.406943291800149
0.101 4.438858821922644
0.102 4.429034797896544
0.103 4.390805253894625
0.104 4.386078085347101
0.105 4.339336087935149
0.106 4.37552184856869
0.107 4.336419525038204
0.108 4.28618821719324
0.109 4.362458231575578
0.11 4.336600789807948
0.111 4.231479918074873
0.112 4.277152530276322
0.113 4.213988166610373
0.114 4.221403580490143
0.115 4.215112807466424
0.116 4.194360241970829
0.117 4.20141191691923
0.118 4.164797956717935
0.119 4.180231328858517
0.12 4.131184240235082
0.121 4.147617277357704
0.122 4.0960658174136535
0.123 4.114987552330909
0.124 4.076531129979996
0.125 4.033528782576572
0.126 4.033703698296432
0.127 4.021464131246119
0.128 3.979949997777045
0.129 3.9414544352798266
0.13 3.953478154829192
0.131 3.92809984320522
0.132 3.9209290461434803
0.133 3.9062161572795455
0.134 3.8891418662505366
0.135 3.8174562865592097
0.136 3.8459565710128776
0.137 3.8328222697976604
0.138 3.7959438936344103
0.139 3.78931154838499
0.14 3.7178018140236677
0.141 3.753613712276969
0.142 3.7021291850526326
0.143 3.6878302031839674
0.144 3.6563072437186896
0.145 3.625455955955551
0.146 3.5969075081962743
0.147 3.5962803621684025
0.148 3.594201850841391
0.149 3.581279836123345
0.19 3.1520326443935263
0.23 2.8553472304898886
0.27 2.083759563668739
0.31 1.5033209926460953
0.35 1.3870279425576504
0.39 1.2812805045702578
0.43 1.0842947687329185
0.47 0.9023937735012996
0.51 0.7648551394720111
0.55 0.6493818521740714
0.59 0.5334462366658514
0.63 0.42183524907335174
0.67 0.37038877499786044
0.71 0.3296284673609903
0.75 0.2908320658998344
0.79 0.24169525216405333
0.83 0.20334964733697464
0.87 0.1707242210593037
0.91 0.13846737896194541
0.95 0.11683268408199317
0.99 0.10390119789537541
1.03 0.08571450170000329
1.07 0.06911510857334127
1.11 0.06463583876624657
1.15 0.054805930238808954
1.19 0.0512922306396805
1.23 0.04330594287719797
1.27 0.040340189738652825
1.31 0.03438518185836817
1.35 0.02850406088514653
1.39 0.028784241678886918
1.43 0.025300205447240955
1.47 0.024402430990518358
