0.0 1860.8399529211276
0.001 1400.662756483877
0.002 1042.6239854008984
0.003 767.2289913580995
0.004 556.6947377576863
0.005 397.6061720131064
0.006 278.27240727979364
0.007 190.28466384150292
0.008 126.47838963885565
0.009 81.06394667308592
0.01 49.45227810081355
0.011 28.276205244478067
0.012 14.607466616498238
0.013 6.368792112403803
0.014 2.038260642886199
0.015 0.2254567359762541
0.016 0.09456214478254596
0.017 0.9298594109805606
0.018 2.3043322590218955
0.019 3.8562088062737603
0.02 5.366519691884694
0.021 6.64037278363371
0.022 7.691614792931218
0.023 8.536764372444097
0.024 8.920504633453783
0.025 9.08769039238991
0.026 9.094297314237242
0.027 8.830216599590434
0.028 8.410767684081074
0.029 7.859676133492138
0.03 7.290200566259044
0.031 6.549397615075614
0.032 5.810126899663162
0.033 5.182500809284043
0.034 4.495402032127602
0.035 3.791367397428752
0.036 3.145260599889112
0.037 2.603398710895567
0.038 2.1159173772517192
0.039 1.6314688318942923
0.04 1.2791142745488309
0.041 0.9739128198690278
0.042 0.6900786921395962
0.043 0.4761690437532519
0.044 0.30661594017490024
0.045 0.1754796216891859
0.046 0.0916052336070798
0.047 0.037882196420660444
0.048 0.007776287606611779
0.049 0.00010058331124770138
0.05 0.011068171057667092
0.051 0.03464424259454508
0.052 0.06852358306063286
0.053 0.10214837103972303
0.054 0.1448068412996593
0.055 0.19502514679008728
0.056 0.23233526691968925
0.057 0.2816517508460135
0.058 0.3051497603428916
0.059 0.33881174405250686
0.06 0.357167509134688
0.061 0.38809162492757426
0.062 0.3857037764465898
0.063 0.40496370313177243
0.064 0.40989398422401574
0.065 0.4051048825371997
0.066 0.38986334520654453
0.067 0.39256866926715106
0.068 0.35958089652530417
0.069 0.34597327410808415
0.07 0.3332247658018815
0.071 0.2937941753384738
0.072 0.27580410792901255
0.073 0.2629332346807941
0.074 0.22729803637824794
0.075 0.20549639041924003
0.076 0.1744889712853556
0.077 0.15903949004681786
0.078 0.14430450660333843
0.079 0.11706668758362636
0.08 0.09716997650312381
0.081 0.07489843004049966
0.082 0.055933767678085215
0.083 0.046839872240434496
0.084 0.03378901890930944
0.085 0.02385762076663071
0.086 0.014174237321972283
0.087 0.00614944279256345
0.088 0.0035686465825617215
0.089 0.0015192115802198543
0.09 9.289447479012682e-07
0.091 0.0002205858540651675
0.092 0.0015774125985400888
0.093 0.003931527410930932
0.094 0.006888887759154012
0.095 0.014417035652400587
0.096 0.018827366626883994
0.097 0.024506628044883634
0.098 0.029110271345704822
0.099 0.03451979010405328
0.1 0.04111234504087034
0.101 0.05419598576584537
0.102 0.05461525039946654
0.103 0.06129870540488453
0.104 0.06694545256440111
0.105 0.07385633446638999
0.106 0.08373462909476866
0.107 0.08566455690338869
0.108 0.08880504851521179
0.109 0.09221016371398429
0.11 0.09847525456687578
0.111 0.10099602287169306
0.112 0.1010316298859675
0.113 0.10513214968628937
0.114 0.10991833771535076
0.115 0.09702623280043253
0.116 0.10302816579751432
0.117 0.1080477134084978
0.118 0.10289921227156375
0.119 0.09999503706027195
0.12 0.10111231646827874
0.121 0.09753034087574614
0.122 0.09125211058068033
0.123 0.09081194602189473
0.124 0.07929353781821435
0.125 0.08567520756562517
0.126 0.07838037686918888
0.127 0.07499762023876276
0.128 0.06998669930567739
0.129 0.06180742668316788
0.13 0.0580282572224957
0.131 0.05636525180565027
0.132 0.054010214580668715
0.133 0.04980352113727582
0.134 0.0424765398382186
0.135 0.04077256400633735
0.136 0.03503008181614132
0.137 0.03251139193755923
0.138 0.024336842654385647
0.139 0.022391328832342704
0.14 0.021656290736406514
0.141 0.016309461960740068
0.142 0.014069866442940006
0.143 0.013381802384321635
0.144 0.008907263751334457
0.145 0.008764072729350945
0.146 0.006641370169806493
0.147 0.00418393971750469
0.148 0.0034969165388059613
0.149 0.002638818873870431
