0.0 0.4839067245219017
0.001 1.7105571896926872
0.002 2.650303970828743
0.003 3.3431880488942003
0.004 3.827087208329022
0.005 4.198749079895717
0.006 4.506445695498405
0.007 4.694154597869773
0.008 4.814595068129891
0.009 4.938036632497787
0.01 5.030815455173909
0.011 5.03501789647244
0.012 5.070601243159157
0.013 5.1326109501388
0.014 5.159830274581065
0.015 5.2181267895314605
0.016 5.206004723027796
0.017 5.2472642670123735
0.018 5.247791460399615
0.019 5.262983594140796
0.02 5.335368588316397
0.021 5.240161709644579
0.022 5.312226175424523
0.023 5.329950290057901
0.024 5.3069001786325005
0.025 5.353168213384958
0.026 5.338026099502733
0.027 5.303550156229679
0.028 5.2792149505374395
0.029 5.281473226911039
0.03 5.276616938439282
0.031 5.216857906454331
0.032 5.242114685015472
0.033 5.212612856192419
0.034 5.165000589127863
0.035 5.172865290169768
0.036 5.135211216464976
0.037 5.134113819522287
0.038 5.122920429916674
0.039 5.040811426184154
0.04 5.04869644012301
0.041 5.033293791475709
0.042 5.010243306718445
0.043 4.937108297707972
0.044 4.962176594463836
0.045 4.939181256146917
0.046 4.883019653976275
0.047 4.906104667510665
0.048 4.849985221050267
0.049 4.842719168218432
0.05 4.810024025636738
0.051 4.790252241929183
0.052 4.790395136893435
0.053 4.818935929094282
0.054 4.759778229690408
0.055 4.7743871688228525
0.056 4.755639546668875
0.057 4.670446557475351
0.058 4.701651024556572
0.059 4.673877277636782
0.06 4.6713434528083875
0.061 4.709661385906505
0.062 4.676911187455806
0.063 4.656463798325915
0.064 4.672028410075679
0.065 4.697951037508776
0.066 4.690454538287907
0.067 4.66725664220738
0.068 4.688029898877376
0.069 4.691868653487072
0.07 4.6836079892903335
0.071 4.7143278244838065
0.072 4.64843125651774
0.073 4.69243904336616
0.074 4.709265614646516
0.075 4.722027054658399
0.076 4.755623912156193
0.077 4.668391754537576
0.078 4.660785414115426
0.079 4.72474862544142
0.08 4.692625887956587
0.081 4.675879537025089
0.082 4.692365375293649
0.083 4.687657832820503
0.084 4.699307484473581
0.085 4.6494788729868315
0.086 4.669063950770127
0.087 4.645770016635923
0.088 4.675062414414301
0.089 4.684922796050154
0.09 4.697170217006263
0.091 4.659395130765585
0.092 4.722586232424087
0.093 4.661255611273777
0.094 4.6264632555985195
0.095 4.61693795728465
0.096 4.575633060455989
0.097 4.610657482347126
0.098 4.557949658795133
0.099 4.629176975931759
0.1 4.557876055119678
0.101 4.545528213248309
0.102 4.478744869538265
0.103 4.468979029579956
0.104 4.476652708726489
0.105 4.5105323687121786
0.106 4.424302295264548
0.107 4.393930767607911
0.108 4.387663905615687
0.109 4.418328959698363
0.11 4.387173327949806
0.111 4.3461664618037625
0.112 4.325351708114902
0.113 4.357138586367571
0.114 4.253186444066331
0.115 4.29368431632509
0.116 4.258287898285594
0.117 4.230459473411872
0.118 4.194750149818002
0.119 4.228646476010013
0.12 4.193376817616924
0.121 4.189480603020918
0.122 4.146920598434318
0.123 4.141246791743419
0.124 4.11243564081259
0.125 4.111713826808607
0.126 4.097093037922227
0.127 4.027211965674825
0.128 4.084302540529846
0.129 4.040330584252157
0.13 4.0106411557222845
0.131 3.9565040741730013
0.132 3.9643194286597767
0.133 3.9606341314254396
0.134 3.992265427501726
0.135 3.978429679794636
0.136 3.9357450923381796
0.137 3.9464406657181352
0.138 3.913838746125245
0.139 3.9046146313883665
0.14 3.8914634767762424
0.141 3.8826753718036757
0.142 3.9026521202305076
0.143 3.919315904770141
0.144 3.858986466173961
0.145 3.8592008250691032
0.146 3.8623346878672984
0.147 3.840604479335939
0.148 3.8331086984957823
0.149 3.849619761239639
0.19 3.5201155076523345
0.23 3.022759109450934
0.27 2.7604710199764195
0.31 2.596234584472158
0.35 2.3884152501783364
0.39 2.326441876954193
0.43 2.1908785903980736
0.47 1.8295476782151177
0.51 1.6854129564629745
0.55 1.7585122699382802
0.59 1.7121121315536718
0.63 1.64714870081896
0.67 1.5750472880662512
0.71 1.475917233940559
0.75 1.4008875517950954
0.79 1.322550079189804
0.83 1.2084484462216103
0.87 1.1088951063764454
0.91 0.9778284635462041
0.95 0.9067072171875851
0.99 0.8662518184583182
1.03 0.8338930915003542
1.07 0.7906039471678055
1.11 0.7613368056170192
1.15 0.7389212658118298
1.19 0.778096124186159
1.23 0.7814320063088883
1.27 0.7674223139013714
1.31 0.7387437418449501
1.35 0.6986147706852547
1.39 0.6748471218322701
1.43 0.6766170474739661
1.47 0.6813973542053493
