0.0 8.578890760114046
0.001 6.482919430137784
0.002 4.853511963007633
0.003 3.5914465269876126
0.004 2.6223500879142785
0.005 1.8879484510485645
0.006 1.333655237904084
0.007 0.9228843194074831
0.008 0.6228442680703484
0.009 0.4065186723823856
0.01 0.2540268467831338
0.011 0.15085863249559914
0.012 0.08178522487147287
0.013 0.03961388588045105
0.014 0.015180023731446174
0.015 0.003493995566444182
0.016 1.6218776905017423e-05
0.017 0.0017707231635827284
0.018 0.006477037679966309
0.019 0.012616178119883293
0.02 0.01885612885476448
0.021 0.024596197607657324
0.022 0.02943557738507855
0.023 0.0333211920223587
0.024 0.03613198454363521
0.025 0.03729088358610521
0.026 0.03788922689683385
0.027 0.03746565634054724
0.028 0.036211204884135255
0.029 0.03424816928567484
0.03 0.03181679921547355
0.031 0.02919987945139101
0.032 0.026441109333155563
0.033 0.023495447775628148
0.034 0.021055789442770752
0.035 0.017997124592350835
0.036 0.015393331381846707
0.037 0.013169121593759279
0.038 0.010745530146264804
0.039 0.008991171398827342
0.04 0.007158490385485996
0.041 0.005529716837398276
0.042 0.004262552615428259
0.043 0.0030864307382526017
0.044 0.002194906330497513
0.045 0.0014844358944277691
0.046 0.0009851134770714669
0.047 0.0005683698633966213
0.048 0.0002678655741925114
0.049 0.00010587950156920795
0.05 9.55825276968878e-06
0.051 2.591304072484872e-06
0.052 4.4741484731362556e-05
0.053 0.0001233160368776814
0.054 0.00023607310791991107
0.055 0.0003937836125002735
0.056 0.0005395307195044363
0.057 0.0006574048233091454
0.058 0.0008465208596124324
0.059 0.0008995919879018515
0.06 0.0010874884062566747
0.061 0.0011413296765470351
0.062 0.0012537151651926713
0.063 0.0013402085821071113
0.064 0.0013949292475149274
0.065 0.001385399156297906
0.066 0.0013919775155328393
0.067 0.0014322368885969015
0.068 0.0013410049117423691
0.069 0.0013911533218140533
0.07 0.0013328588910242998
0.071 0.0012211637421552068
0.072 0.0011579525528018985
0.073 0.0011347722643434825
0.074 0.0009656536214737338
0.075 0.0009673490216891557
0.076 0.0009057655431210807
0.077 0.0008343515959757094
0.078 0.0007082850864777512
0.079 0.0005916754668840973
0.08 0.0005847639101916369
0.081 0.0004593279494431996
0.082 0.0004444249653051924
0.083 0.00035640146250227504
0.084 0.0002972225668575181
0.085 0.0002182800736719301
0.086 0.0001668562868645437
0.087 0.0001537511746126363
0.088 9.989561549830004e-05
0.089 6.494511613907276e-05
0.09 4.6961392653640586e-05
0.091 2.528464239286081e-05
0.092 1.5006700804363842e-05
0.093 6.2338117898092475e-06
0.094 7.629830876942081e-07
0.095 3.761218590814613e-07
0.096 2.09849613543484e-06
0.097 1.2315312466019994e-05
0.098 2.5585553906015784e-05
0.099 2.6808360589576127e-05
0.1 5.146276911027299e-05
0.101 6.560673990681066e-05
0.102 8.249530995042352e-05
0.103 8.988896295589776e-05
0.104 0.00012474431176636504
0.105 0.00013313339181184077
0.106 0.000163474212966679
0.107 0.00017091096299941684
0.108 0.00018168776304088347
0.109 0.00020174033319708736
0.11 0.0002309722631908634
0.111 0.00025019967477380773
0.112 0.000255212900768602
0.113 0.00026979784413657483
0.114 0.00030490139875184995
0.115 0.00032960157283834767
0.116 0.0003106356028282752
0.117 0.00029504441569494895
0.118 0.0003431028882260705
0.119 0.00031923228434152295
0.12 0.0003171952212746234
0.121 0.0003458565840911174
0.122 0.00030395273067380485
0.123 0.00034665141466277814
0.124 0.0003146290228677721
0.125 0.0003324814861480739
0.126 0.0003141896454663387
0.127 0.0003162911082948597
0.128 0.0002995271437231216
0.129 0.0002900196425259816
0.13 0.00023699826200001623
0.131 0.00027871251046829754
0.132 0.00025836334306155747
0.133 0.00022455671414327132
0.134 0.00023655702672478195
0.135 0.0002067881805019715
0.136 0.0002098646140807584
0.137 0.0002071499065019338
0.138 0.00020468531972066563
0.139 0.0001596866592463482
0.14 0.00017703091768171545
0.141 0.000159967438081286
0.142 0.00014559895849407156
0.143 0.00011746951314365587
0.144 0.0001217019479836348
0.145 0.00011224655647344494
0.146 9.427511184255571e-05
0.147 9.939525670784725e-05
0.148 7.81387734039339e-05
0.149 7.988558519613456e-05
