0.0 10.544810913738019
0.001 7.9371274772191995
0.002 5.908231260255201
0.003 4.347652052885609
0.004 3.1546188252851786
0.005 2.253112577162679
0.006 1.5768846281862325
0.007 1.0782849953554803
0.008 0.7167143532801951
0.009 0.45936459406257407
0.01 0.28023093603943533
0.011 0.1602326074270969
0.012 0.08277604592373192
0.013 0.03608999713746512
0.014 0.011550199703316482
0.015 0.001277594371491293
0.016 0.0005358547546037827
0.017 0.005269228903731205
0.018 0.013057946179449094
0.019 0.021851955963335726
0.02 0.03041042585470232
0.021 0.03762896174398591
0.022 0.043586028710018584
0.023 0.04837523290557481
0.024 0.050549771605683594
0.025 0.051497162171263294
0.026 0.05153460157678153
0.027 0.05003813693051035
0.028 0.04766124820610637
0.029 0.04453838092888743
0.03 0.041311337051717835
0.031 0.037113433286643495
0.032 0.03292421223308062
0.033 0.029367647125378975
0.034 0.025474068490203148
0.035 0.02148451952981673
0.036 0.017823229906579
0.037 0.01475266429891977
0.038 0.011990256667257592
0.039 0.009245034919298902
0.04 0.007248349403186043
0.041 0.005518866099076915
0.042 0.003910464902039912
0.043 0.0026983043444823913
0.044 0.00173749876081867
0.045 0.0009943893492946603
0.046 0.0005190988432826272
0.047 0.00021466682162852232
0.048 4.406584364971508e-05
0.049 5.699748635124156e-07
0.05 6.271994041228225e-05
0.051 0.0001963183275572279
0.052 0.0003883021886820061
0.053 0.0005788435787125895
0.054 0.0008205760834635827
0.055 0.0011051478624463074
0.056 0.0013165729026911193
0.057 0.0015960343346735676
0.058 0.0017291903681114964
0.059 0.0019199425349714194
0.06 0.0020239590419605076
0.061 0.002199196548656682
0.062 0.002185665341589083
0.063 0.0022948054558632287
0.064 0.002322743850988329
0.065 0.0022956054763769796
0.066 0.0022092363456335524
0.067 0.002224566589717521
0.068 0.002037634970218442
0.069 0.001960524735590322
0.07 0.0018882828378870306
0.071 0.0016648417407625973
0.072 0.0015628975306437327
0.073 0.0014899622282368281
0.074 0.001288028457745694
0.075 0.001164485197679124
0.076 0.0009887756364261192
0.077 0.0009012281511520707
0.078 0.0008177295063682242
0.079 0.000663381116107896
0.08 0.0005506325394128275
0.081 0.00042442649690162785
0.082 0.00031695955524411464
0.083 0.0002654272309790433
0.084 0.00019147203648549796
0.085 0.0001351938405239375
0.086 8.032106800588519e-05
0.087 3.4847011625388905e-05
0.088 2.0222428786526444e-05
0.089 8.608907405621738e-06
0.09 5.264045787791667e-09
0.091 1.249992573359795e-06
0.092 8.938714776863132e-06
0.093 2.227876346128831e-05
0.094 3.9037220107087e-05
0.095 8.169693188956775e-05
0.096 0.00010668892871332718
0.097 0.0001388715662843253
0.098 0.00016495900494085857
0.099 0.00019561309335483469
0.1 0.00023297108598501146
0.101 0.00030711207661215733
0.102 0.00030948792106745977
0.103 0.0003473610165864895
0.104 0.0003793594057984785
0.105 0.00041852125998655636
0.106 0.00047449853457319144
0.107 0.0004854348452360814
0.108 0.0005032310507457868
0.109 0.0005225267971930759
0.11 0.0005580291510077732
0.111 0.0005723135740662503
0.112 0.0005725153481264737
0.113 0.0005957517397756084
0.114 0.0006228736035795441
0.115 0.0005498179878107186
0.116 0.0005838291065379372
0.117 0.000612273347724417
0.118 0.0005830983663441478
0.119 0.000566641293603763
0.12 0.0005729725743121068
0.121 0.0005526746141024777
0.122 0.0005170978030874057
0.123 0.0005146035251480069
0.124 0.0004493322285249993
0.125 0.0004854951992816905
0.126 0.0004441576246982879
0.127 0.00042498857741991137
0.128 0.0003965932209787889
0.129 0.00035024378448862535
0.13 0.00032882838693592105
0.131 0.0003194046438345172
0.132 0.0003060593681200413
0.133 0.00028222132290663885
0.134 0.0002407015606907812
0.135 0.00023104565077732462
0.136 0.00019850476042505694
0.137 0.00018423211517241088
0.138 0.00013790944440172817
0.139 0.00012688481256743084
0.14 0.0001227195764739807
0.141 9.242073301942717e-05
0.142 7.972963015408696e-05
0.143 7.583058156407778e-05
0.144 5.0474739576163696e-05
0.145 4.966331984659976e-05
0.146 3.763461362639711e-05
0.147 2.370910680755112e-05
0.148 1.981595656571493e-05
0.149 1.4953379529973042e-05
