Dataset contains 3635 events.
***
pT range		NCohJ 	err 	NIncJ 	err 	NDiss 	err 	NCohP 	err 	NIncP 	err 	fC 	err 	fD coh	err 	fD inc	err 	fD 	err
(0.000, 2.000) GeV/c	2886.16	54.00	356.33	29.65	185.31	21.35	181.50	3.40	26.27	2.19
(0.200, 2.000) GeV/c	6.12	0.11	284.30	23.66	175.51	20.22	80.55	1.51	20.84	1.73	1.33	0.09	17.52	1.23	4.53	0.49	22.05	1.32
(0.200, 1.000) GeV/c	6.12	0.11	281.27	23.41	117.82	13.57	80.55	1.51	20.69	1.72
(0.200, 0.264) GeV/c	3.46	0.06	43.67	3.63	6.85	0.79	40.73	0.76	3.42	0.28	6.85	0.52	80.61	6.12	6.77	0.75	87.38	6.17
(0.264, 0.335) GeV/c	2.25	0.04	51.11	4.25	9.18	1.06	27.80	0.52	3.86	0.32	3.73	0.28	46.11	3.46	6.39	0.71	52.51	3.53
(0.335, 0.445) GeV/c	0.33	0.01	68.38	5.69	16.79	1.93	10.93	0.20	5.10	0.42	0.39	0.03	12.84	0.94	5.99	0.65	18.82	1.14
(0.445, 0.658) GeV/c	0.07	0.00	81.94	6.82	35.52	4.09	1.09	0.02	5.97	0.50	0.06	0.00	0.92	0.06	5.08	0.55	6.01	0.55
(0.658, 1.000) GeV/c	0.01	0.00	36.17	3.01	49.48	5.70	0.00	0.00	2.35	0.20	0.01	0.00	0.00	0.00	2.74	0.31	2.74	0.31
