Dataset contains 3635 events.
***
pT range		NCohJ 	err 	NIncJ 	err 	NDiss 	err 	NCohP 	err 	NIncP 	err 	fC 	err 	fD coh	err 	fD inc	err 	fD 	err
(0.000, 2.000) GeV/c	2898.74	53.90	339.60	28.98	189.69	21.59	182.29	3.39	25.04	2.14
(0.200, 2.000) GeV/c	6.01	0.11	270.95	23.12	179.65	20.45	80.90	1.50	19.86	1.70	1.33	0.09	17.95	1.27	4.41	0.48	22.36	1.36
(0.200, 1.000) GeV/c	6.01	0.11	268.06	22.88	120.60	13.73	80.90	1.50	19.72	1.68
(0.200, 0.264) GeV/c	5.92	0.11	41.62	3.55	7.02	0.80	40.91	0.76	3.26	0.28	12.18	0.94	84.11	6.49	6.70	0.76	90.81	6.53
(0.264, 0.335) GeV/c	0.09	0.00	48.71	4.16	9.39	1.07	27.92	0.52	3.67	0.31	0.15	0.01	48.06	3.66	6.32	0.71	54.38	3.73
(0.335, 0.445) GeV/c	0.00	0.00	65.17	5.56	17.18	1.96	10.98	0.20	4.86	0.41	0.00	0.00	13.33	0.99	5.90	0.66	19.23	1.19
(0.445, 0.658) GeV/c	0.00	0.00	78.10	6.66	36.36	4.14	1.09	0.02	5.69	0.49	0.00	0.00	0.95	0.07	4.97	0.54	5.92	0.55
(0.658, 1.000) GeV/c	0.00	0.00	34.47	2.94	50.65	5.77	0.00	0.00	2.24	0.19	0.00	0.00	0.00	0.00	2.63	0.30	2.63	0.30
