Dataset contains 3635 events.
***
pT range		NCohJ 	err 	NIncJ 	err 	NDiss 	err 	NCohP 	err 	NIncP 	err 	fC 	err 	fD coh	err 	fD inc	err 	fD 	err
(0.000, 2.000) GeV/c	2902.65	53.91	334.88	28.87	190.91	21.66	182.54	3.39	24.69	2.13
(0.200, 2.000) GeV/c	6.90	0.13	267.19	23.04	180.81	20.52	81.01	1.50	19.59	1.69	1.54	0.11	18.08	1.29	4.37	0.48	22.45	1.38
(0.200, 1.000) GeV/c	6.90	0.13	264.34	22.79	121.38	13.77	81.01	1.50	19.45	1.68
(0.200, 0.264) GeV/c	6.79	0.13	41.04	3.54	7.06	0.80	40.96	0.76	3.22	0.28	14.12	1.10	85.15	6.61	6.68	0.77	91.84	6.66
(0.264, 0.335) GeV/c	0.11	0.00	48.03	4.14	9.45	1.07	27.96	0.52	3.62	0.31	0.19	0.01	48.64	3.73	6.30	0.72	54.94	3.80
(0.335, 0.445) GeV/c	0.00	0.00	64.26	5.54	17.29	1.96	10.99	0.20	4.79	0.41	0.00	0.00	13.48	1.00	5.88	0.66	19.36	1.20
(0.445, 0.658) GeV/c	0.00	0.00	77.01	6.64	36.60	4.15	1.09	0.02	5.61	0.48	0.00	0.00	0.96	0.07	4.94	0.55	5.90	0.55
(0.658, 1.000) GeV/c	0.00	0.00	33.99	2.93	50.97	5.78	0.00	0.00	2.21	0.19	0.00	0.00	0.00	0.00	2.60	0.30	2.60	0.30
