Dataset contains 3635 events.
***
pT range		NCohJ 	err 	NIncJ 	err 	NDiss 	err 	NCohP 	err 	NIncP 	err 	fC 	err 	fD coh	err 	fD inc	err 	fD 	err
(0.000, 2.000) GeV/c	2849.27	53.51	379.92	29.74	179.33	20.94	200.52	3.77	28.01	2.19
(0.200, 2.000) GeV/c	0.05	0.00	303.12	23.73	169.84	19.83	88.99	1.67	22.22	1.74	0.01	0.00	18.81	1.28	4.70	0.48	23.51	1.37
(0.200, 1.000) GeV/c	0.02	0.00	299.89	23.48	114.02	13.31	88.99	1.67	22.06	1.73
(0.200, 0.264) GeV/c	0.01	0.00	46.56	3.64	6.63	0.77	45.00	0.85	3.65	0.29	0.02	0.00	84.59	6.13	6.86	0.72	91.45	6.18
(0.264, 0.335) GeV/c	0.00	0.00	54.49	4.27	8.88	1.04	30.71	0.58	4.11	0.32	0.00	0.00	48.46	3.48	6.49	0.68	54.95	3.54
(0.335, 0.445) GeV/c	0.00	0.00	72.90	5.71	16.25	1.90	12.08	0.23	5.44	0.43	0.00	0.00	13.55	0.95	6.10	0.63	19.65	1.14
(0.445, 0.658) GeV/c	0.00	0.00	87.37	6.84	34.38	4.01	1.20	0.02	6.36	0.50	0.00	0.00	0.99	0.07	5.23	0.53	6.21	0.54
(0.658, 1.000) GeV/c	0.00	0.00	38.56	3.02	47.88	5.59	0.00	0.00	2.50	0.20	0.00	0.00	0.00	0.00	2.90	0.31	2.90	0.31
