Dataset contains 3635 events.
***
pT range		NCohJ 	err 	NIncJ 	err 	NDiss 	err 	NCohP 	err 	NIncP 	err 	fC 	err 	fD coh	err 	fD inc	err 	fD 	err
(0.000, 2.000) GeV/c	2890.54	53.90	350.47	29.23	186.87	21.42	181.77	3.39	25.84	2.16
(0.200, 2.000) GeV/c	6.56	0.12	279.62	23.32	176.98	20.29	80.67	1.50	20.50	1.71	1.44	0.10	17.67	1.24	4.49	0.48	22.16	1.33
(0.200, 1.000) GeV/c	6.56	0.12	276.64	23.07	118.81	13.62	80.67	1.50	20.35	1.70
(0.200, 0.264) GeV/c	6.50	0.12	42.95	3.58	6.91	0.79	40.79	0.76	3.36	0.28	13.03	0.99	81.80	6.21	6.75	0.75	88.55	6.25
(0.264, 0.335) GeV/c	0.06	0.00	50.27	4.19	9.25	1.06	27.84	0.52	3.79	0.32	0.10	0.01	46.78	3.51	6.37	0.70	53.15	3.58
(0.335, 0.445) GeV/c	0.00	0.00	67.25	5.61	16.93	1.94	10.95	0.20	5.02	0.42	0.00	0.00	13.01	0.95	5.96	0.65	18.96	1.15
(0.445, 0.658) GeV/c	0.00	0.00	80.59	6.72	35.82	4.11	1.09	0.02	5.87	0.49	0.00	0.00	0.93	0.07	5.04	0.54	5.98	0.55
(0.658, 1.000) GeV/c	0.00	0.00	35.58	2.97	49.89	5.72	0.00	0.00	2.31	0.19	0.00	0.00	0.00	0.00	2.70	0.30	2.70	0.30
