Dataset contains 3635 events.
***
pT range		NCohJ 	err 	NIncJ 	err 	NDiss 	err 	NCohP 	err 	NIncP 	err 	fC 	err 	fD coh	err 	fD inc	err 	fD 	err
(0.000, 2.000) GeV/c	2887.49	53.90	354.49	29.32	185.84	21.36	181.58	3.39	26.14	2.16
(0.200, 2.000) GeV/c	7.10	0.13	282.83	23.39	176.01	20.23	80.58	1.50	20.73	1.72	1.55	0.11	17.56	1.23	4.52	0.48	22.08	1.32
(0.200, 1.000) GeV/c	7.10	0.13	279.81	23.15	118.16	13.58	80.58	1.50	20.59	1.70
(0.200, 0.264) GeV/c	7.05	0.13	43.44	3.59	6.87	0.79	40.75	0.76	3.40	0.28	14.00	1.06	80.98	6.11	6.76	0.75	87.74	6.16
(0.264, 0.335) GeV/c	0.06	0.00	50.84	4.21	9.20	1.06	27.81	0.52	3.84	0.32	0.10	0.01	46.32	3.46	6.39	0.70	52.71	3.53
(0.335, 0.445) GeV/c	0.00	0.00	68.02	5.63	16.84	1.93	10.94	0.20	5.07	0.42	0.00	0.00	12.89	0.94	5.98	0.65	18.87	1.14
(0.445, 0.658) GeV/c	0.00	0.00	81.52	6.74	35.63	4.09	1.09	0.02	5.94	0.49	0.00	0.00	0.93	0.06	5.07	0.54	6.00	0.54
(0.658, 1.000) GeV/c	0.00	0.00	35.98	2.98	49.62	5.70	0.00	0.00	2.34	0.19	0.00	0.00	0.00	0.00	2.73	0.31	2.73	0.31
