Dataset contains 3635 events.
***
pT range		NCohJ 	err 	NIncJ 	err 	NDiss 	err 	NCohP 	err 	NIncP 	err 	fC 	err 	fD coh	err 	fD inc	err 	fD 	err
(0.000, 2.000) GeV/c	2885.78	53.90	356.73	29.37	185.28	21.33	181.47	3.39	26.30	2.17
(0.200, 2.000) GeV/c	7.44	0.14	284.62	23.43	175.47	20.20	80.54	1.50	20.87	1.72	1.62	0.11	17.50	1.22	4.54	0.48	22.04	1.31
(0.200, 1.000) GeV/c	7.44	0.14	281.59	23.18	117.80	13.56	80.54	1.50	20.72	1.71
(0.200, 0.264) GeV/c	7.38	0.14	43.72	3.60	6.85	0.79	40.72	0.76	3.43	0.28	14.60	1.10	80.52	6.06	6.77	0.74	87.30	6.10
(0.264, 0.335) GeV/c	0.06	0.00	51.17	4.21	9.18	1.06	27.80	0.52	3.86	0.32	0.09	0.01	46.07	3.43	6.40	0.70	52.46	3.50
(0.335, 0.445) GeV/c	0.00	0.00	68.46	5.64	16.78	1.93	10.93	0.20	5.10	0.42	0.00	0.00	12.82	0.93	5.99	0.65	18.81	1.13
(0.445, 0.658) GeV/c	0.00	0.00	82.04	6.75	35.52	4.09	1.09	0.02	5.98	0.49	0.00	0.00	0.92	0.06	5.08	0.54	6.01	0.54
(0.658, 1.000) GeV/c	0.00	0.00	36.21	2.98	49.47	5.69	0.00	0.00	2.35	0.19	0.00	0.00	0.00	0.00	2.74	0.31	2.74	0.31
