Dataset contains 3635 events.
***
pT range		NCohJ 	err 	NIncJ 	err 	NDiss 	err 	NCohP 	err 	NIncP 	err 	fC 	err 	fD coh	err 	fD inc	err 	fD 	err
(0.000, 2.000) GeV/c	2904.50	53.91	332.45	28.82	191.55	21.70	182.65	3.39	24.51	2.13
(0.200, 2.000) GeV/c	7.71	0.14	265.25	22.99	181.41	20.55	81.06	1.50	19.45	1.69	1.73	0.12	18.15	1.30	4.35	0.48	22.50	1.38
(0.200, 1.000) GeV/c	7.71	0.14	262.42	22.75	121.79	13.80	81.06	1.50	19.31	1.67
(0.200, 0.264) GeV/c	7.60	0.14	40.74	3.53	7.09	0.80	40.99	0.76	3.19	0.28	15.88	1.24	85.70	6.68	6.67	0.77	92.37	6.73
(0.264, 0.335) GeV/c	0.12	0.00	47.68	4.13	9.49	1.07	27.98	0.52	3.60	0.31	0.20	0.02	48.94	3.77	6.29	0.72	55.23	3.84
(0.335, 0.445) GeV/c	0.00	0.00	63.80	5.53	17.35	1.97	11.00	0.20	4.76	0.41	0.00	0.00	13.56	1.01	5.86	0.66	19.42	1.21
(0.445, 0.658) GeV/c	0.00	0.00	76.45	6.63	36.72	4.16	1.09	0.02	5.57	0.48	0.00	0.00	0.97	0.07	4.92	0.55	5.89	0.55
(0.658, 1.000) GeV/c	0.00	0.00	33.75	2.93	51.14	5.79	0.00	0.00	2.19	0.19	0.00	0.00	0.00	0.00	2.58	0.30	2.58	0.30
