Dataset contains 3635 events.
***
pT range		NCohJ 	err 	NIncJ 	err 	NDiss 	err 	NCohP 	err 	NIncP 	err 	fC 	err 	fD coh	err 	fD inc	err 	fD 	err
(0.000, 2.000) GeV/c	2880.47	53.90	363.67	29.53	183.55	21.22	181.14	3.39	26.82	2.18
(0.200, 2.000) GeV/c	8.34	0.16	290.16	23.56	173.83	20.10	80.39	1.50	21.27	1.73	1.80	0.12	17.33	1.20	4.58	0.48	21.91	1.29
(0.200, 1.000) GeV/c	8.34	0.16	287.07	23.31	116.70	13.49	80.39	1.50	21.12	1.71
(0.200, 0.264) GeV/c	8.28	0.16	44.57	3.62	6.79	0.79	40.65	0.76	3.49	0.28	16.13	1.20	79.15	5.90	6.80	0.74	85.94	5.94
(0.264, 0.335) GeV/c	0.06	0.00	52.16	4.24	9.09	1.05	27.75	0.52	3.93	0.32	0.09	0.01	45.30	3.34	6.42	0.69	51.72	3.41
(0.335, 0.445) GeV/c	0.00	0.00	69.79	5.67	16.63	1.92	10.91	0.20	5.20	0.42	0.00	0.00	12.63	0.91	6.02	0.64	18.65	1.11
(0.445, 0.658) GeV/c	0.00	0.00	83.63	6.79	35.19	4.07	1.08	0.02	6.09	0.49	0.00	0.00	0.91	0.06	5.13	0.54	6.04	0.54
(0.658, 1.000) GeV/c	0.00	0.00	36.92	3.00	49.01	5.67	0.00	0.00	2.40	0.19	0.00	0.00	0.00	0.00	2.79	0.31	2.79	0.31
