Dataset contains 3635 events.
***
pT range		NCohJ 	err 	NIncJ 	err 	NDiss 	err 	NCohP 	err 	NIncP 	err 	fC 	err 	fD coh	err 	fD inc	err 	fD 	err
(0.000, 2.000) GeV/c	2883.22	53.90	360.08	29.45	184.44	21.28	181.31	3.39	26.55	2.17
(0.200, 2.000) GeV/c	7.91	0.15	287.29	23.50	174.68	20.15	80.46	1.50	21.06	1.72	1.71	0.12	17.42	1.21	4.56	0.48	21.98	1.30
(0.200, 1.000) GeV/c	7.91	0.15	284.23	23.25	117.27	13.53	80.46	1.50	20.91	1.71
(0.200, 0.264) GeV/c	7.85	0.15	44.13	3.61	6.82	0.79	40.69	0.76	3.46	0.28	15.41	1.15	79.86	5.98	6.79	0.74	86.64	6.02
(0.264, 0.335) GeV/c	0.06	0.00	51.65	4.22	9.13	1.05	27.77	0.52	3.90	0.32	0.09	0.01	45.69	3.38	6.41	0.70	52.10	3.45
(0.335, 0.445) GeV/c	0.00	0.00	69.10	5.65	16.71	1.93	10.92	0.20	5.15	0.42	0.00	0.00	12.73	0.92	6.01	0.64	18.73	1.12
(0.445, 0.658) GeV/c	0.00	0.00	82.80	6.77	35.36	4.08	1.09	0.02	6.03	0.49	0.00	0.00	0.92	0.06	5.10	0.54	6.02	0.54
(0.658, 1.000) GeV/c	0.00	0.00	36.55	2.99	49.25	5.68	0.00	0.00	2.37	0.19	0.00	0.00	0.00	0.00	2.77	0.31	2.77	0.31
