Dataset contains 3635 events.
***
pT range		NCohJ 	err 	NIncJ 	err 	NDiss 	err 	NCohP 	err 	NIncP 	err 	fC 	err 	fD coh	err 	fD inc	err 	fD 	err
(0.000, 2.000) GeV/c	2896.72	53.67	316.04	28.84	195.51	21.96	203.96	3.78	23.30	2.13
(0.200, 2.000) GeV/c	8.48	0.16	252.15	23.01	185.16	20.79	90.51	1.68	18.49	1.69	1.94	0.14	20.70	1.52	4.23	0.49	24.92	1.59
(0.200, 1.000) GeV/c	8.48	0.16	249.47	22.77	124.30	13.96	90.51	1.68	18.35	1.68
(0.200, 0.264) GeV/c	8.36	0.15	38.73	3.53	7.23	0.81	45.77	0.85	3.03	0.28	18.18	1.47	99.58	8.07	6.60	0.80	106.18	8.11
(0.264, 0.335) GeV/c	0.12	0.00	45.33	4.14	9.68	1.09	31.24	0.58	3.42	0.31	0.22	0.02	56.79	4.54	6.22	0.75	63.00	4.60
(0.335, 0.445) GeV/c	0.00	0.00	60.65	5.54	17.71	1.99	12.28	0.23	4.52	0.41	0.00	0.00	15.68	1.21	5.77	0.68	21.45	1.39
(0.445, 0.658) GeV/c	0.00	0.00	72.68	6.63	37.48	4.21	1.22	0.02	5.29	0.48	0.00	0.00	1.11	0.08	4.81	0.56	5.91	0.56
(0.658, 1.000) GeV/c	0.00	0.00	32.08	2.93	52.20	5.86	0.00	0.00	2.08	0.19	0.00	0.00	0.00	0.00	2.47	0.30	2.47	0.30
