Dataset contains 3635 events.
***
pT range		NCohJ 	err 	NIncJ 	err 	NDiss 	err 	NCohP 	err 	NIncP 	err 	fC 	err 	fD coh	err 	fD inc	err 	fD 	err
(0.000, 2.000) GeV/c	2888.22	53.90	353.52	29.30	186.09	21.37	181.63	3.39	26.07	2.16
(0.200, 2.000) GeV/c	7.00	0.13	282.06	23.38	176.24	20.24	80.60	1.50	20.68	1.71	1.53	0.11	17.59	1.23	4.51	0.48	22.10	1.32
(0.200, 1.000) GeV/c	7.00	0.13	279.05	23.13	118.32	13.59	80.60	1.50	20.53	1.70
(0.200, 0.264) GeV/c	6.94	0.13	43.33	3.59	6.88	0.79	40.76	0.76	3.39	0.28	13.82	1.04	81.18	6.13	6.76	0.75	87.94	6.18
(0.264, 0.335) GeV/c	0.06	0.00	50.71	4.20	9.22	1.06	27.82	0.52	3.82	0.32	0.10	0.01	46.43	3.47	6.38	0.70	52.81	3.54
(0.335, 0.445) GeV/c	0.00	0.00	67.84	5.62	16.86	1.94	10.94	0.20	5.06	0.42	0.00	0.00	12.92	0.94	5.97	0.65	18.89	1.14
(0.445, 0.658) GeV/c	0.00	0.00	81.30	6.74	35.67	4.10	1.09	0.02	5.92	0.49	0.00	0.00	0.93	0.07	5.06	0.54	5.99	0.54
(0.658, 1.000) GeV/c	0.00	0.00	35.89	2.97	49.69	5.71	0.00	0.00	2.33	0.19	0.00	0.00	0.00	0.00	2.72	0.30	2.72	0.30
