Dataset contains 3635 events.
***
pT range		NCohJ 	err 	NIncJ 	err 	NDiss 	err 	NCohP 	err 	NIncP 	err 	fC 	err 	fD coh	err 	fD inc	err 	fD 	err
(0.000, 2.000) GeV/c	2896.72	53.67	316.04	28.84	195.51	21.96	203.96	3.78	23.30	2.13
(0.200, 2.000) GeV/c	8.48	0.16	252.15	23.01	185.16	20.79	90.51	1.68	18.49	1.69	1.94	0.14	20.70	1.52	4.23	0.49	24.92	1.59
(0.200, 1.000) GeV/c	8.48	0.16	249.47	22.77	124.30	13.96	90.51	1.68	18.35	1.68
(0.200, 0.280) GeV/c	8.42	0.16	49.09	4.48	9.24	1.04	55.20	1.02	3.80	0.35	14.44	1.17	94.65	7.67	6.51	0.79	101.17	7.71
(0.280, 0.375) GeV/c	0.06	0.00	59.07	5.39	13.80	1.55	29.87	0.55	4.48	0.41	0.08	0.01	40.98	3.25	6.15	0.73	47.13	3.33
(0.375, 0.569) GeV/c	0.00	0.00	86.57	7.90	33.31	3.74	5.44	0.10	6.30	0.57	0.00	0.00	4.54	0.34	5.25	0.61	9.79	0.70
(0.569, 1.000) GeV/c	0.00	0.00	54.74	5.00	67.95	7.63	0.00	0.00	3.78	0.34	0.00	0.00	0.00	0.00	3.08	0.36	3.08	0.36
