(0.200, 0.201): 0
(0.200, 0.202): 1
(0.200, 0.203): 3
(0.200, 0.204): 4
(0.200, 0.205): 3
(0.200, 0.206): 6
(0.200, 0.207): 6
(0.200, 0.208): 8
(0.200, 0.209): 9
(0.200, 0.210): 10
(0.200, 0.211): 14
(0.200, 0.212): 14
(0.200, 0.213): 13
(0.200, 0.214): 13
(0.200, 0.215): 16
(0.200, 0.216): 17
(0.200, 0.217): 18
(0.200, 0.218): 21
(0.200, 0.219): 21
(0.200, 0.220): 23
(0.200, 0.221): 25
(0.200, 0.222): 27
(0.200, 0.223): 27
(0.200, 0.224): 30
(0.200, 0.225): 33
(0.200, 0.226): 34
(0.200, 0.227): 37
(0.200, 0.228): 37
(0.200, 0.229): 40
(0.200, 0.230): 42
(0.200, 0.231): 41
(0.200, 0.232): 41
(0.200, 0.233): 44
(0.200, 0.234): 46
(0.200, 0.235): 49
(0.200, 0.236): 50
(0.200, 0.237): 51
(0.200, 0.238): 53
(0.200, 0.239): 55
(0.200, 0.240): 55
(0.200, 0.241): 56
(0.200, 0.242): 55
(0.200, 0.243): 56
(0.200, 0.244): 58
(0.200, 0.245): 64
(0.200, 0.246): 66
(0.200, 0.247): 68
(0.200, 0.248): 69
(0.200, 0.249): 70
(0.200, 0.250): 70
(0.200, 0.251): 71
(0.200, 0.252): 74
(0.200, 0.253): 77
(0.200, 0.254): 84
(0.200, 0.255): 86
(0.200, 0.256): 87
(0.200, 0.257): 92
(0.200, 0.258): 94
(0.200, 0.259): 95
(0.200, 0.260): 97
(0.200, 0.261): 98
(0.200, 0.262): 98
(0.200, 0.263): 100
(0.200, 0.264): 104
(0.200, 0.265): 109
(0.200, 0.266): 111
(0.200, 0.267): 114
(0.200, 0.268): 116
(0.200, 0.269): 117
(0.200, 0.270): 117
(0.200, 0.271): 118
(0.200, 0.272): 119
(0.200, 0.273): 122
(0.200, 0.274): 124
(0.200, 0.275): 123
(0.200, 0.276): 124
(0.200, 0.277): 125
(0.200, 0.278): 128
Bin 1 defined as (0.200, 0.278)
Going to next bin...
(0.278, 0.279): 2
(0.278, 0.280): 5
(0.278, 0.281): 5
(0.278, 0.282): 6
(0.278, 0.283): 8
(0.278, 0.284): 8
(0.278, 0.285): 10
(0.278, 0.286): 12
(0.278, 0.287): 16
(0.278, 0.288): 18
(0.278, 0.289): 20
(0.278, 0.290): 23
(0.278, 0.291): 25
(0.278, 0.292): 28
(0.278, 0.293): 28
(0.278, 0.294): 30
(0.278, 0.295): 31
(0.278, 0.296): 34
(0.278, 0.297): 34
(0.278, 0.298): 36
(0.278, 0.299): 37
(0.278, 0.300): 40
(0.278, 0.301): 43
(0.278, 0.302): 44
(0.278, 0.303): 45
(0.278, 0.304): 47
(0.278, 0.305): 50
(0.278, 0.306): 50
(0.278, 0.307): 51
(0.278, 0.308): 51
(0.278, 0.309): 51
(0.278, 0.310): 52
(0.278, 0.311): 53
(0.278, 0.312): 54
(0.278, 0.313): 57
(0.278, 0.314): 58
(0.278, 0.315): 57
(0.278, 0.316): 58
(0.278, 0.317): 59
(0.278, 0.318): 59
(0.278, 0.319): 60
(0.278, 0.320): 62
(0.278, 0.321): 65
(0.278, 0.322): 67
(0.278, 0.323): 68
(0.278, 0.324): 69
(0.278, 0.325): 69
(0.278, 0.326): 71
(0.278, 0.327): 72
(0.278, 0.328): 73
(0.278, 0.329): 73
(0.278, 0.330): 73
(0.278, 0.331): 75
(0.278, 0.332): 75
(0.278, 0.333): 75
(0.278, 0.334): 76
(0.278, 0.335): 79
(0.278, 0.336): 80
(0.278, 0.337): 82
(0.278, 0.338): 87
(0.278, 0.339): 89
(0.278, 0.340): 89
(0.278, 0.341): 91
(0.278, 0.342): 92
(0.278, 0.343): 92
(0.278, 0.344): 92
(0.278, 0.345): 92
(0.278, 0.346): 93
(0.278, 0.347): 93
(0.278, 0.348): 93
(0.278, 0.349): 95
(0.278, 0.350): 98
(0.278, 0.351): 102
(0.278, 0.352): 103
(0.278, 0.353): 105
(0.278, 0.354): 105
(0.278, 0.355): 109
(0.278, 0.356): 108
(0.278, 0.357): 108
(0.278, 0.358): 111
(0.278, 0.359): 110
(0.278, 0.360): 111
(0.278, 0.361): 112
(0.278, 0.362): 112
(0.278, 0.363): 115
(0.278, 0.364): 115
(0.278, 0.365): 118
(0.278, 0.366): 118
(0.278, 0.367): 118
(0.278, 0.368): 120
(0.278, 0.369): 119
(0.278, 0.370): 122
(0.278, 0.371): 124
(0.278, 0.372): 123
(0.278, 0.373): 124
(0.278, 0.374): 127
Bin 2 defined as (0.278, 0.374)
Going to next bin...
(0.374, 0.375): 2
(0.374, 0.376): 3
(0.374, 0.377): 4
(0.374, 0.378): 4
(0.374, 0.379): 4
(0.374, 0.380): 5
(0.374, 0.381): 5
(0.374, 0.382): 5
(0.374, 0.383): 5
(0.374, 0.384): 7
(0.374, 0.385): 8
(0.374, 0.386): 8
(0.374, 0.387): 8
(0.374, 0.388): 8
(0.374, 0.389): 9
(0.374, 0.390): 9
(0.374, 0.391): 11
(0.374, 0.392): 11
(0.374, 0.393): 12
(0.374, 0.394): 12
(0.374, 0.395): 13
(0.374, 0.396): 12
(0.374, 0.397): 14
(0.374, 0.398): 15
(0.374, 0.399): 18
(0.374, 0.400): 20
(0.374, 0.401): 21
(0.374, 0.402): 21
(0.374, 0.403): 23
(0.374, 0.404): 24
(0.374, 0.405): 23
(0.374, 0.406): 24
(0.374, 0.407): 27
(0.374, 0.408): 28
(0.374, 0.409): 28
(0.374, 0.410): 31
(0.374, 0.411): 30
(0.374, 0.412): 30
(0.374, 0.413): 31
(0.374, 0.414): 32
(0.374, 0.415): 32
(0.374, 0.416): 33
(0.374, 0.417): 33
(0.374, 0.418): 35
(0.374, 0.419): 35
(0.374, 0.420): 36
(0.374, 0.421): 36
(0.374, 0.422): 38
(0.374, 0.423): 37
(0.374, 0.424): 39
(0.374, 0.425): 39
(0.374, 0.426): 39
(0.374, 0.427): 38
(0.374, 0.428): 38
(0.374, 0.429): 40
(0.374, 0.430): 40
(0.374, 0.431): 40
(0.374, 0.432): 40
(0.374, 0.433): 40
(0.374, 0.434): 40
(0.374, 0.435): 42
(0.374, 0.436): 42
(0.374, 0.437): 43
(0.374, 0.438): 43
(0.374, 0.439): 44
(0.374, 0.440): 44
(0.374, 0.441): 46
(0.374, 0.442): 46
(0.374, 0.443): 48
(0.374, 0.444): 50
(0.374, 0.445): 53
(0.374, 0.446): 52
(0.374, 0.447): 53
(0.374, 0.448): 55
(0.374, 0.449): 57
(0.374, 0.450): 58
(0.374, 0.451): 58
(0.374, 0.452): 58
(0.374, 0.453): 59
(0.374, 0.454): 62
(0.374, 0.455): 62
(0.374, 0.456): 64
(0.374, 0.457): 64
(0.374, 0.458): 64
(0.374, 0.459): 64
(0.374, 0.460): 63
(0.374, 0.461): 63
(0.374, 0.462): 64
(0.374, 0.463): 64
(0.374, 0.464): 64
(0.374, 0.465): 65
(0.374, 0.466): 66
(0.374, 0.467): 67
(0.374, 0.468): 68
(0.374, 0.469): 69
(0.374, 0.470): 72
(0.374, 0.471): 71
(0.374, 0.472): 72
(0.374, 0.473): 75
(0.374, 0.474): 74
(0.374, 0.475): 74
(0.374, 0.476): 74
(0.374, 0.477): 75
(0.374, 0.478): 75
(0.374, 0.479): 75
(0.374, 0.480): 76
(0.374, 0.481): 77
(0.374, 0.482): 77
(0.374, 0.483): 78
(0.374, 0.484): 79
(0.374, 0.485): 81
(0.374, 0.486): 81
(0.374, 0.487): 81
(0.374, 0.488): 81
(0.374, 0.489): 82
(0.374, 0.490): 83
(0.374, 0.491): 83
(0.374, 0.492): 84
(0.374, 0.493): 84
(0.374, 0.494): 84
(0.374, 0.495): 84
(0.374, 0.496): 84
(0.374, 0.497): 84
(0.374, 0.498): 85
(0.374, 0.499): 86
(0.374, 0.500): 86
(0.374, 0.501): 87
(0.374, 0.502): 87
(0.374, 0.503): 87
(0.374, 0.504): 87
(0.374, 0.505): 88
(0.374, 0.506): 90
(0.374, 0.507): 90
(0.374, 0.508): 91
(0.374, 0.509): 92
(0.374, 0.510): 93
(0.374, 0.511): 94
(0.374, 0.512): 94
(0.374, 0.513): 94
(0.374, 0.514): 95
(0.374, 0.515): 96
(0.374, 0.516): 96
(0.374, 0.517): 97
(0.374, 0.518): 97
(0.374, 0.519): 97
(0.374, 0.520): 99
(0.374, 0.521): 99
(0.374, 0.522): 99
(0.374, 0.523): 99
(0.374, 0.524): 100
(0.374, 0.525): 100
(0.374, 0.526): 99
(0.374, 0.527): 100
(0.374, 0.528): 99
(0.374, 0.529): 99
(0.374, 0.530): 99
(0.374, 0.531): 100
(0.374, 0.532): 103
(0.374, 0.533): 104
(0.374, 0.534): 104
(0.374, 0.535): 105
(0.374, 0.536): 105
(0.374, 0.537): 107
(0.374, 0.538): 106
(0.374, 0.539): 106
(0.374, 0.540): 108
(0.374, 0.541): 108
(0.374, 0.542): 108
(0.374, 0.543): 109
(0.374, 0.544): 111
(0.374, 0.545): 113
(0.374, 0.546): 114
(0.374, 0.547): 115
(0.374, 0.548): 115
(0.374, 0.549): 116
(0.374, 0.550): 115
(0.374, 0.551): 119
(0.374, 0.552): 120
(0.374, 0.553): 120
(0.374, 0.554): 120
(0.374, 0.555): 121
(0.374, 0.556): 122
(0.374, 0.557): 123
(0.374, 0.558): 122
(0.374, 0.559): 122
(0.374, 0.560): 123
(0.374, 0.561): 123
(0.374, 0.562): 124
(0.374, 0.563): 125
(0.374, 0.564): 125
(0.374, 0.565): 124
(0.374, 0.566): 127
Bin 3 defined as (0.374, 0.566)
Going to next bin...
Bin 4 defined as (0.566, 1.000)
