Using pt step 0.001 GeV/c.
(0.200, 0.201): 2
(0.200, 0.202): 6
(0.200, 0.203): 3
(0.200, 0.204): 4
(0.200, 0.205): 9
(0.200, 0.206): 10
(0.200, 0.207): 12
(0.200, 0.208): 17
(0.200, 0.209): 19
(0.200, 0.210): 21
(0.200, 0.211): 24
(0.200, 0.212): 25
(0.200, 0.213): 30
(0.200, 0.214): 34
(0.200, 0.215): 36
(0.200, 0.216): 38
(0.200, 0.217): 40
(0.200, 0.218): 39
(0.200, 0.219): 42
(0.200, 0.220): 45
(0.200, 0.221): 48
(0.200, 0.222): 51
(0.200, 0.223): 53
(0.200, 0.224): 53
(0.200, 0.225): 54
(0.200, 0.226): 55
(0.200, 0.227): 55
(0.200, 0.228): 59
(0.200, 0.229): 39
(0.200, 0.230): 39
(0.200, 0.231): 62
(0.200, 0.232): 42
(0.200, 0.233): 45
(0.200, 0.234): 46
(0.200, 0.235): 46
(0.200, 0.236): 48
(0.200, 0.237): 49
(0.200, 0.238): 52
(0.200, 0.239): 53
(0.200, 0.240): 53
(0.200, 0.241): 55
(0.200, 0.242): 57
(0.200, 0.243): 57
(0.200, 0.244): 59
(0.200, 0.245): 65
(0.200, 0.246): 67
(0.200, 0.247): 69
(0.200, 0.248): 70
(0.200, 0.249): 71
(0.200, 0.250): 73
(0.200, 0.251): 73
(0.200, 0.252): 74
(0.200, 0.253): 77
(0.200, 0.254): 83
(0.200, 0.255): 83
(0.200, 0.256): 86
(0.200, 0.257): 88
(0.200, 0.258): 91
(0.200, 0.259): 93
(0.200, 0.260): 94
(0.200, 0.261): 96
(0.200, 0.262): 98
(0.200, 0.263): 99
(0.200, 0.264): 103
(0.200, 0.265): 106
Bin 1 defined as (0.200, 0.265)
Going to next bin...
(0.265, 0.266): 2
(0.265, 0.267): 3
(0.265, 0.268): 3
(0.265, 0.269): 3
(0.265, 0.270): 7
(0.265, 0.271): 9
(0.265, 0.272): 15
(0.265, 0.273): 17
(0.265, 0.274): 15
(0.265, 0.275): 12
(0.265, 0.276): 15
(0.265, 0.277): 14
(0.265, 0.278): 16
(0.265, 0.279): 18
(0.265, 0.280): 18
(0.265, 0.281): 20
(0.265, 0.282): 23
(0.265, 0.283): 26
(0.265, 0.284): 31
(0.265, 0.285): 33
(0.265, 0.286): 34
(0.265, 0.287): 39
(0.265, 0.288): 38
(0.265, 0.289): 39
(0.265, 0.290): 40
(0.265, 0.291): 44
(0.265, 0.292): 47
(0.265, 0.293): 48
(0.265, 0.294): 51
(0.265, 0.295): 52
(0.265, 0.296): 57
(0.265, 0.297): 58
(0.265, 0.298): 60
(0.265, 0.299): 60
(0.265, 0.300): 60
(0.265, 0.301): 61
(0.265, 0.302): 62
(0.265, 0.303): 63
(0.265, 0.304): 69
(0.265, 0.305): 71
(0.265, 0.306): 72
(0.265, 0.307): 74
(0.265, 0.308): 75
(0.265, 0.309): 75
(0.265, 0.310): 76
(0.265, 0.311): 77
(0.265, 0.312): 77
(0.265, 0.313): 78
(0.265, 0.314): 78
(0.265, 0.315): 78
(0.265, 0.316): 81
(0.265, 0.317): 82
(0.265, 0.318): 83
(0.265, 0.319): 85
(0.265, 0.320): 85
(0.265, 0.321): 86
(0.265, 0.322): 85
(0.265, 0.323): 89
(0.265, 0.324): 91
(0.265, 0.325): 91
(0.265, 0.326): 93
(0.265, 0.327): 94
(0.265, 0.328): 96
(0.265, 0.329): 97
(0.265, 0.330): 99
(0.265, 0.331): 99
(0.265, 0.332): 99
(0.265, 0.333): 100
(0.265, 0.334): 101
(0.265, 0.335): 101
(0.265, 0.336): 106
Bin 2 defined as (0.265, 0.336)
Going to next bin...
(0.336, 0.337): 1
(0.336, 0.338): 3
(0.336, 0.339): 7
(0.336, 0.340): 10
(0.336, 0.341): 7
(0.336, 0.342): 5
(0.336, 0.343): 6
(0.336, 0.344): 7
(0.336, 0.345): 8
(0.336, 0.346): 10
(0.336, 0.347): 12
(0.336, 0.348): 14
(0.336, 0.349): 15
(0.336, 0.350): 17
(0.336, 0.351): 18
(0.336, 0.352): 18
(0.336, 0.353): 19
(0.336, 0.354): 19
(0.336, 0.355): 21
(0.336, 0.356): 22
(0.336, 0.357): 22
(0.336, 0.358): 22
(0.336, 0.359): 24
(0.336, 0.360): 27
(0.336, 0.361): 27
(0.336, 0.362): 28
(0.336, 0.363): 28
(0.336, 0.364): 29
(0.336, 0.365): 31
(0.336, 0.366): 31
(0.336, 0.367): 32
(0.336, 0.368): 33
(0.336, 0.369): 34
(0.336, 0.370): 36
(0.336, 0.371): 36
(0.336, 0.372): 37
(0.336, 0.373): 41
(0.336, 0.374): 41
(0.336, 0.375): 41
(0.336, 0.376): 43
(0.336, 0.377): 43
(0.336, 0.378): 43
(0.336, 0.379): 43
(0.336, 0.380): 45
(0.336, 0.381): 47
(0.336, 0.382): 47
(0.336, 0.383): 47
(0.336, 0.384): 49
(0.336, 0.385): 49
(0.336, 0.386): 49
(0.336, 0.387): 50
(0.336, 0.388): 50
(0.336, 0.389): 50
(0.336, 0.390): 51
(0.336, 0.391): 52
(0.336, 0.392): 52
(0.336, 0.393): 52
(0.336, 0.394): 52
(0.336, 0.395): 53
(0.336, 0.396): 53
(0.336, 0.397): 55
(0.336, 0.398): 58
(0.336, 0.399): 60
(0.336, 0.400): 63
(0.336, 0.401): 65
(0.336, 0.402): 66
(0.336, 0.403): 66
(0.336, 0.404): 66
(0.336, 0.405): 66
(0.336, 0.406): 67
(0.336, 0.407): 69
(0.336, 0.408): 69
(0.336, 0.409): 70
(0.336, 0.410): 70
(0.336, 0.411): 71
(0.336, 0.412): 72
(0.336, 0.413): 72
(0.336, 0.414): 72
(0.336, 0.415): 73
(0.336, 0.416): 73
(0.336, 0.417): 74
(0.336, 0.418): 75
(0.336, 0.419): 77
(0.336, 0.420): 77
(0.336, 0.421): 77
(0.336, 0.422): 77
(0.336, 0.423): 78
(0.336, 0.424): 78
(0.336, 0.425): 78
(0.336, 0.426): 79
(0.336, 0.427): 80
(0.336, 0.428): 80
(0.336, 0.429): 81
(0.336, 0.430): 82
(0.336, 0.431): 82
(0.336, 0.432): 83
(0.336, 0.433): 82
(0.336, 0.434): 83
(0.336, 0.435): 84
(0.336, 0.436): 88
(0.336, 0.437): 87
(0.336, 0.438): 90
(0.336, 0.439): 91
(0.336, 0.440): 92
(0.336, 0.441): 92
(0.336, 0.442): 92
(0.336, 0.443): 93
(0.336, 0.444): 96
(0.336, 0.445): 97
(0.336, 0.446): 98
(0.336, 0.447): 98
(0.336, 0.448): 99
(0.336, 0.449): 100
(0.336, 0.450): 100
(0.336, 0.451): 102
(0.336, 0.452): 102
(0.336, 0.453): 104
Bin 3 defined as (0.336, 0.453)
Going to next bin...
(0.453, 0.454): 3
(0.453, 0.455): 4
(0.453, 0.456): 4
(0.453, 0.457): 3
(0.453, 0.458): 6
(0.453, 0.459): 6
(0.453, 0.460): 5
(0.453, 0.461): 4
(0.453, 0.462): 4
(0.453, 0.463): 5
(0.453, 0.464): 5
(0.453, 0.465): 5
(0.453, 0.466): 5
(0.453, 0.467): 5
(0.453, 0.468): 6
(0.453, 0.469): 5
(0.453, 0.470): 5
(0.453, 0.471): 7
(0.453, 0.472): 6
(0.453, 0.473): 7
(0.453, 0.474): 11
(0.453, 0.475): 12
(0.453, 0.476): 13
(0.453, 0.477): 15
(0.453, 0.478): 15
(0.453, 0.479): 16
(0.453, 0.480): 16
(0.453, 0.481): 16
(0.453, 0.482): 16
(0.453, 0.483): 17
(0.453, 0.484): 19
(0.453, 0.485): 20
(0.453, 0.486): 21
(0.453, 0.487): 22
(0.453, 0.488): 23
(0.453, 0.489): 23
(0.453, 0.490): 23
(0.453, 0.491): 24
(0.453, 0.492): 24
(0.453, 0.493): 24
(0.453, 0.494): 26
(0.453, 0.495): 26
(0.453, 0.496): 27
(0.453, 0.497): 28
(0.453, 0.498): 28
(0.453, 0.499): 29
(0.453, 0.500): 29
(0.453, 0.501): 29
(0.453, 0.502): 30
(0.453, 0.503): 32
(0.453, 0.504): 32
(0.453, 0.505): 31
(0.453, 0.506): 32
(0.453, 0.507): 32
(0.453, 0.508): 34
(0.453, 0.509): 35
(0.453, 0.510): 35
(0.453, 0.511): 36
(0.453, 0.512): 38
(0.453, 0.513): 37
(0.453, 0.514): 37
(0.453, 0.515): 39
(0.453, 0.516): 39
(0.453, 0.517): 40
(0.453, 0.518): 42
(0.453, 0.519): 42
(0.453, 0.520): 42
(0.453, 0.521): 43
(0.453, 0.522): 45
(0.453, 0.523): 45
(0.453, 0.524): 45
(0.453, 0.525): 44
(0.453, 0.526): 44
(0.453, 0.527): 46
(0.453, 0.528): 46
(0.453, 0.529): 46
(0.453, 0.530): 46
(0.453, 0.531): 47
(0.453, 0.532): 48
(0.453, 0.533): 50
(0.453, 0.534): 49
(0.453, 0.535): 51
(0.453, 0.536): 51
(0.453, 0.537): 51
(0.453, 0.538): 51
(0.453, 0.539): 52
(0.453, 0.540): 53
(0.453, 0.541): 53
(0.453, 0.542): 53
(0.453, 0.543): 54
(0.453, 0.544): 53
(0.453, 0.545): 54
(0.453, 0.546): 57
(0.453, 0.547): 57
(0.453, 0.548): 58
(0.453, 0.549): 58
(0.453, 0.550): 59
(0.453, 0.551): 60
(0.453, 0.552): 62
(0.453, 0.553): 62
(0.453, 0.554): 63
(0.453, 0.555): 63
(0.453, 0.556): 64
(0.453, 0.557): 64
(0.453, 0.558): 65
(0.453, 0.559): 65
(0.453, 0.560): 67
(0.453, 0.561): 68
(0.453, 0.562): 69
(0.453, 0.563): 69
(0.453, 0.564): 71
(0.453, 0.565): 71
(0.453, 0.566): 71
(0.453, 0.567): 71
(0.453, 0.568): 71
(0.453, 0.569): 72
(0.453, 0.570): 73
(0.453, 0.571): 73
(0.453, 0.572): 77
(0.453, 0.573): 78
(0.453, 0.574): 78
(0.453, 0.575): 78
(0.453, 0.576): 78
(0.453, 0.577): 78
(0.453, 0.578): 79
(0.453, 0.579): 81
(0.453, 0.580): 81
(0.453, 0.581): 82
(0.453, 0.582): 83
(0.453, 0.583): 83
(0.453, 0.584): 83
(0.453, 0.585): 83
(0.453, 0.586): 84
(0.453, 0.587): 83
(0.453, 0.588): 83
(0.453, 0.589): 83
(0.453, 0.590): 84
(0.453, 0.591): 84
(0.453, 0.592): 84
(0.453, 0.593): 84
(0.453, 0.594): 84
(0.453, 0.595): 84
(0.453, 0.596): 84
(0.453, 0.597): 83
(0.453, 0.598): 84
(0.453, 0.599): 84
(0.453, 0.600): 86
(0.453, 0.601): 86
(0.453, 0.602): 88
(0.453, 0.603): 88
(0.453, 0.604): 88
(0.453, 0.605): 88
(0.453, 0.606): 88
(0.453, 0.607): 87
(0.453, 0.608): 88
(0.453, 0.609): 88
(0.453, 0.610): 88
(0.453, 0.611): 88
(0.453, 0.612): 89
(0.453, 0.613): 89
(0.453, 0.614): 89
(0.453, 0.615): 90
(0.453, 0.616): 92
(0.453, 0.617): 92
(0.453, 0.618): 93
(0.453, 0.619): 93
(0.453, 0.620): 93
(0.453, 0.621): 93
(0.453, 0.622): 93
(0.453, 0.623): 93
(0.453, 0.624): 95
(0.453, 0.625): 96
(0.453, 0.626): 96
(0.453, 0.627): 96
(0.453, 0.628): 96
(0.453, 0.629): 96
(0.453, 0.630): 96
(0.453, 0.631): 95
(0.453, 0.632): 95
(0.453, 0.633): 96
(0.453, 0.634): 97
(0.453, 0.635): 98
(0.453, 0.636): 98
(0.453, 0.637): 98
(0.453, 0.638): 98
(0.453, 0.639): 97
(0.453, 0.640): 97
(0.453, 0.641): 97
(0.453, 0.642): 97
(0.453, 0.643): 98
(0.453, 0.644): 98
(0.453, 0.645): 98
(0.453, 0.646): 98
(0.453, 0.647): 98
(0.453, 0.648): 98
(0.453, 0.649): 98
(0.453, 0.650): 97
(0.453, 0.651): 100
(0.453, 0.652): 99
(0.453, 0.653): 100
(0.453, 0.654): 100
(0.453, 0.655): 101
(0.453, 0.656): 101
(0.453, 0.657): 102
(0.453, 0.658): 102
(0.453, 0.659): 105
Bin 4 defined as (0.453, 0.659)
Going to next bin...
Bin 5 defined as (0.659, 1.000)
