Using pt step 0.001 GeV/c.
(0.200, 0.201): 0
(0.200, 0.202): 1
(0.200, 0.203): 4
(0.200, 0.204): 8
(0.200, 0.205): 7
(0.200, 0.206): 12
(0.200, 0.207): 14
(0.200, 0.208): 17
(0.200, 0.209): 20
(0.200, 0.210): 22
(0.200, 0.211): 28
(0.200, 0.212): 29
(0.200, 0.213): 28
(0.200, 0.214): 28
(0.200, 0.215): 32
(0.200, 0.216): 34
(0.200, 0.217): 36
(0.200, 0.218): 39
(0.200, 0.219): 38
(0.200, 0.220): 40
(0.200, 0.221): 45
(0.200, 0.222): 46
(0.200, 0.223): 46
(0.200, 0.224): 51
(0.200, 0.225): 55
(0.200, 0.226): 56
(0.200, 0.227): 60
(0.200, 0.228): 60
(0.200, 0.229): 61
(0.200, 0.230): 40
(0.200, 0.231): 42
(0.200, 0.232): 42
(0.200, 0.233): 45
(0.200, 0.234): 47
(0.200, 0.235): 49
(0.200, 0.236): 49
(0.200, 0.237): 51
(0.200, 0.238): 52
(0.200, 0.239): 54
(0.200, 0.240): 54
(0.200, 0.241): 55
(0.200, 0.242): 54
(0.200, 0.243): 54
(0.200, 0.244): 56
(0.200, 0.245): 62
(0.200, 0.246): 64
(0.200, 0.247): 66
(0.200, 0.248): 67
(0.200, 0.249): 68
(0.200, 0.250): 68
(0.200, 0.251): 70
(0.200, 0.252): 72
(0.200, 0.253): 75
(0.200, 0.254): 81
(0.200, 0.255): 84
(0.200, 0.256): 85
(0.200, 0.257): 89
(0.200, 0.258): 92
(0.200, 0.259): 92
(0.200, 0.260): 94
(0.200, 0.261): 95
(0.200, 0.262): 96
(0.200, 0.263): 98
(0.200, 0.264): 102
Bin 1 defined as (0.200, 0.264)
Going to next bin...
(0.264, 0.265): 5
(0.264, 0.266): 6
(0.264, 0.267): 10
(0.264, 0.268): 12
(0.264, 0.269): 12
(0.264, 0.270): 12
(0.264, 0.271): 13
(0.264, 0.272): 14
(0.264, 0.273): 17
(0.264, 0.274): 18
(0.264, 0.275): 17
(0.264, 0.276): 18
(0.264, 0.277): 19
(0.264, 0.278): 22
(0.264, 0.279): 23
(0.264, 0.280): 26
(0.264, 0.281): 26
(0.264, 0.282): 28
(0.264, 0.283): 30
(0.264, 0.284): 31
(0.264, 0.285): 33
(0.264, 0.286): 35
(0.264, 0.287): 39
(0.264, 0.288): 41
(0.264, 0.289): 42
(0.264, 0.290): 44
(0.264, 0.291): 45
(0.264, 0.292): 48
(0.264, 0.293): 49
(0.264, 0.294): 50
(0.264, 0.295): 51
(0.264, 0.296): 55
(0.264, 0.297): 55
(0.264, 0.298): 57
(0.264, 0.299): 58
(0.264, 0.300): 60
(0.264, 0.301): 63
(0.264, 0.302): 65
(0.264, 0.303): 67
(0.264, 0.304): 68
(0.264, 0.305): 71
(0.264, 0.306): 72
(0.264, 0.307): 73
(0.264, 0.308): 73
(0.264, 0.309): 73
(0.264, 0.310): 74
(0.264, 0.311): 75
(0.264, 0.312): 76
(0.264, 0.313): 79
(0.264, 0.314): 80
(0.264, 0.315): 79
(0.264, 0.316): 80
(0.264, 0.317): 81
(0.264, 0.318): 81
(0.264, 0.319): 82
(0.264, 0.320): 84
(0.264, 0.321): 87
(0.264, 0.322): 89
(0.264, 0.323): 90
(0.264, 0.324): 92
(0.264, 0.325): 92
(0.264, 0.326): 93
(0.264, 0.327): 94
(0.264, 0.328): 95
(0.264, 0.329): 96
(0.264, 0.330): 96
(0.264, 0.331): 98
(0.264, 0.332): 98
(0.264, 0.333): 97
(0.264, 0.334): 98
(0.264, 0.335): 102
Bin 2 defined as (0.264, 0.335)
Going to next bin...
(0.335, 0.336): 1
(0.335, 0.337): 3
(0.335, 0.338): 7
(0.335, 0.339): 10
(0.335, 0.340): 10
(0.335, 0.341): 11
(0.335, 0.342): 12
(0.335, 0.343): 13
(0.335, 0.344): 13
(0.335, 0.345): 13
(0.335, 0.346): 14
(0.335, 0.347): 13
(0.335, 0.348): 14
(0.335, 0.349): 16
(0.335, 0.350): 19
(0.335, 0.351): 23
(0.335, 0.352): 24
(0.335, 0.353): 26
(0.335, 0.354): 26
(0.335, 0.355): 29
(0.335, 0.356): 29
(0.335, 0.357): 29
(0.335, 0.358): 32
(0.335, 0.359): 32
(0.335, 0.360): 33
(0.335, 0.361): 34
(0.335, 0.362): 33
(0.335, 0.363): 37
(0.335, 0.364): 37
(0.335, 0.365): 40
(0.335, 0.366): 40
(0.335, 0.367): 40
(0.335, 0.368): 42
(0.335, 0.369): 41
(0.335, 0.370): 44
(0.335, 0.371): 45
(0.335, 0.372): 45
(0.335, 0.373): 46
(0.335, 0.374): 49
(0.335, 0.375): 50
(0.335, 0.376): 51
(0.335, 0.377): 52
(0.335, 0.378): 52
(0.335, 0.379): 51
(0.335, 0.380): 52
(0.335, 0.381): 53
(0.335, 0.382): 53
(0.335, 0.383): 53
(0.335, 0.384): 54
(0.335, 0.385): 55
(0.335, 0.386): 55
(0.335, 0.387): 55
(0.335, 0.388): 55
(0.335, 0.389): 56
(0.335, 0.390): 57
(0.335, 0.391): 59
(0.335, 0.392): 58
(0.335, 0.393): 59
(0.335, 0.394): 60
(0.335, 0.395): 61
(0.335, 0.396): 60
(0.335, 0.397): 62
(0.335, 0.398): 63
(0.335, 0.399): 66
(0.335, 0.400): 68
(0.335, 0.401): 69
(0.335, 0.402): 69
(0.335, 0.403): 71
(0.335, 0.404): 72
(0.335, 0.405): 71
(0.335, 0.406): 72
(0.335, 0.407): 75
(0.335, 0.408): 76
(0.335, 0.409): 76
(0.335, 0.410): 79
(0.335, 0.411): 78
(0.335, 0.412): 78
(0.335, 0.413): 79
(0.335, 0.414): 80
(0.335, 0.415): 80
(0.335, 0.416): 81
(0.335, 0.417): 81
(0.335, 0.418): 83
(0.335, 0.419): 83
(0.335, 0.420): 84
(0.335, 0.421): 84
(0.335, 0.422): 85
(0.335, 0.423): 85
(0.335, 0.424): 87
(0.335, 0.425): 87
(0.335, 0.426): 87
(0.335, 0.427): 87
(0.335, 0.428): 86
(0.335, 0.429): 88
(0.335, 0.430): 89
(0.335, 0.431): 89
(0.335, 0.432): 89
(0.335, 0.433): 89
(0.335, 0.434): 88
(0.335, 0.435): 91
(0.335, 0.436): 91
(0.335, 0.437): 92
(0.335, 0.438): 92
(0.335, 0.439): 93
(0.335, 0.440): 93
(0.335, 0.441): 95
(0.335, 0.442): 95
(0.335, 0.443): 97
(0.335, 0.444): 99
(0.335, 0.445): 102
Bin 3 defined as (0.335, 0.445)
Going to next bin...
(0.445, 0.446): 0
(0.445, 0.447): 2
(0.445, 0.448): 5
(0.445, 0.449): 7
(0.445, 0.450): 4
(0.445, 0.451): 8
(0.445, 0.452): 5
(0.445, 0.453): 6
(0.445, 0.454): 9
(0.445, 0.455): 9
(0.445, 0.456): 11
(0.445, 0.457): 11
(0.445, 0.458): 11
(0.445, 0.459): 11
(0.445, 0.460): 11
(0.445, 0.461): 11
(0.445, 0.462): 11
(0.445, 0.463): 11
(0.445, 0.464): 11
(0.445, 0.465): 12
(0.445, 0.466): 13
(0.445, 0.467): 14
(0.445, 0.468): 15
(0.445, 0.469): 16
(0.445, 0.470): 18
(0.445, 0.471): 18
(0.445, 0.472): 19
(0.445, 0.473): 22
(0.445, 0.474): 21
(0.445, 0.475): 21
(0.445, 0.476): 21
(0.445, 0.477): 22
(0.445, 0.478): 22
(0.445, 0.479): 22
(0.445, 0.480): 23
(0.445, 0.481): 24
(0.445, 0.482): 24
(0.445, 0.483): 25
(0.445, 0.484): 26
(0.445, 0.485): 28
(0.445, 0.486): 28
(0.445, 0.487): 28
(0.445, 0.488): 28
(0.445, 0.489): 30
(0.445, 0.490): 31
(0.445, 0.491): 31
(0.445, 0.492): 31
(0.445, 0.493): 31
(0.445, 0.494): 31
(0.445, 0.495): 30
(0.445, 0.496): 30
(0.445, 0.497): 30
(0.445, 0.498): 31
(0.445, 0.499): 32
(0.445, 0.500): 32
(0.445, 0.501): 33
(0.445, 0.502): 33
(0.445, 0.503): 34
(0.445, 0.504): 34
(0.445, 0.505): 35
(0.445, 0.506): 37
(0.445, 0.507): 37
(0.445, 0.508): 37
(0.445, 0.509): 39
(0.445, 0.510): 40
(0.445, 0.511): 41
(0.445, 0.512): 41
(0.445, 0.513): 41
(0.445, 0.514): 42
(0.445, 0.515): 43
(0.445, 0.516): 43
(0.445, 0.517): 44
(0.445, 0.518): 43
(0.445, 0.519): 43
(0.445, 0.520): 45
(0.445, 0.521): 45
(0.445, 0.522): 45
(0.445, 0.523): 45
(0.445, 0.524): 46
(0.445, 0.525): 46
(0.445, 0.526): 46
(0.445, 0.527): 46
(0.445, 0.528): 46
(0.445, 0.529): 46
(0.445, 0.530): 45
(0.445, 0.531): 46
(0.445, 0.532): 49
(0.445, 0.533): 50
(0.445, 0.534): 49
(0.445, 0.535): 50
(0.445, 0.536): 50
(0.445, 0.537): 52
(0.445, 0.538): 52
(0.445, 0.539): 52
(0.445, 0.540): 53
(0.445, 0.541): 53
(0.445, 0.542): 53
(0.445, 0.543): 54
(0.445, 0.544): 56
(0.445, 0.545): 58
(0.445, 0.546): 60
(0.445, 0.547): 61
(0.445, 0.548): 61
(0.445, 0.549): 61
(0.445, 0.550): 61
(0.445, 0.551): 64
(0.445, 0.552): 65
(0.445, 0.553): 65
(0.445, 0.554): 65
(0.445, 0.555): 66
(0.445, 0.556): 66
(0.445, 0.557): 67
(0.445, 0.558): 67
(0.445, 0.559): 67
(0.445, 0.560): 68
(0.445, 0.561): 67
(0.445, 0.562): 69
(0.445, 0.563): 70
(0.445, 0.564): 70
(0.445, 0.565): 69
(0.445, 0.566): 71
(0.445, 0.567): 72
(0.445, 0.568): 72
(0.445, 0.569): 74
(0.445, 0.570): 74
(0.445, 0.571): 74
(0.445, 0.572): 74
(0.445, 0.573): 73
(0.445, 0.574): 76
(0.445, 0.575): 76
(0.445, 0.576): 77
(0.445, 0.577): 77
(0.445, 0.578): 78
(0.445, 0.579): 78
(0.445, 0.580): 78
(0.445, 0.581): 78
(0.445, 0.582): 78
(0.445, 0.583): 79
(0.445, 0.584): 79
(0.445, 0.585): 78
(0.445, 0.586): 79
(0.445, 0.587): 81
(0.445, 0.588): 81
(0.445, 0.589): 82
(0.445, 0.590): 83
(0.445, 0.591): 83
(0.445, 0.592): 82
(0.445, 0.593): 83
(0.445, 0.594): 83
(0.445, 0.595): 83
(0.445, 0.596): 83
(0.445, 0.597): 84
(0.445, 0.598): 85
(0.445, 0.599): 85
(0.445, 0.600): 87
(0.445, 0.601): 87
(0.445, 0.602): 87
(0.445, 0.603): 87
(0.445, 0.604): 86
(0.445, 0.605): 86
(0.445, 0.606): 86
(0.445, 0.607): 86
(0.445, 0.608): 86
(0.445, 0.609): 86
(0.445, 0.610): 87
(0.445, 0.611): 86
(0.445, 0.612): 86
(0.445, 0.613): 86
(0.445, 0.614): 86
(0.445, 0.615): 86
(0.445, 0.616): 87
(0.445, 0.617): 87
(0.445, 0.618): 89
(0.445, 0.619): 91
(0.445, 0.620): 91
(0.445, 0.621): 91
(0.445, 0.622): 92
(0.445, 0.623): 92
(0.445, 0.624): 93
(0.445, 0.625): 93
(0.445, 0.626): 93
(0.445, 0.627): 94
(0.445, 0.628): 94
(0.445, 0.629): 94
(0.445, 0.630): 95
(0.445, 0.631): 95
(0.445, 0.632): 95
(0.445, 0.633): 94
(0.445, 0.634): 94
(0.445, 0.635): 93
(0.445, 0.636): 95
(0.445, 0.637): 94
(0.445, 0.638): 95
(0.445, 0.639): 95
(0.445, 0.640): 95
(0.445, 0.641): 96
(0.445, 0.642): 96
(0.445, 0.643): 96
(0.445, 0.644): 96
(0.445, 0.645): 96
(0.445, 0.646): 96
(0.445, 0.647): 96
(0.445, 0.648): 96
(0.445, 0.649): 98
(0.445, 0.650): 97
(0.445, 0.651): 97
(0.445, 0.652): 97
(0.445, 0.653): 98
(0.445, 0.654): 99
(0.445, 0.655): 99
(0.445, 0.656): 100
(0.445, 0.657): 100
(0.445, 0.658): 101
Bin 4 defined as (0.445, 0.658)
Going to next bin...
Bin 5 defined as (0.658, 1.000)
