Dataset contains 3635 events.
***
pT range		NCohJ 	err 	NIncJ 	err 	NDiss 	err 	NCohP 	err 	NIncP 	err 	fC 	err 	fD coh	err 	fD inc	err 	fD 	err
(0.000, 2.000) GeV/c	2892.75	53.90	347.55	29.17	187.62	21.47	181.91	3.39	25.63	2.15
(0.200, 2.000) GeV/c	6.20	0.12	277.29	23.27	177.69	20.33	80.73	1.50	20.33	1.71	1.36	0.10	17.74	1.25	4.47	0.48	22.21	1.34
(0.200, 1.000) GeV/c	6.20	0.12	274.34	23.02	119.29	13.65	80.73	1.50	20.18	1.69
(0.200, 0.264) GeV/c	6.14	0.11	42.59	3.57	6.94	0.79	40.82	0.76	3.34	0.28	12.39	0.94	82.41	6.28	6.74	0.75	89.15	6.33
(0.264, 0.335) GeV/c	0.07	0.00	49.85	4.18	9.29	1.06	27.86	0.52	3.76	0.32	0.11	0.01	47.11	3.55	6.36	0.71	53.47	3.62
(0.335, 0.445) GeV/c	0.00	0.00	66.69	5.60	17.00	1.94	10.96	0.20	4.97	0.42	0.00	0.00	13.09	0.96	5.94	0.65	19.03	1.16
(0.445, 0.658) GeV/c	0.00	0.00	79.92	6.71	35.97	4.12	1.09	0.02	5.82	0.49	0.00	0.00	0.94	0.07	5.02	0.54	5.96	0.55
(0.658, 1.000) GeV/c	0.00	0.00	35.28	2.96	50.09	5.73	0.00	0.00	2.29	0.19	0.00	0.00	0.00	0.00	2.68	0.30	2.68	0.30
