Dataset contains 3635 events.
***
pT range		NCohJ 	err 	NIncJ 	err 	NDiss 	err 	NCohP 	err 	NIncP 	err 	fC 	err 	fD coh	err 	fD inc	err 	fD 	err
(0.000, 2.000) GeV/c	2896.86	53.90	342.09	29.04	189.04	21.55	182.17	3.39	25.22	2.14
(0.200, 2.000) GeV/c	5.89	0.11	272.94	23.17	179.03	20.41	80.85	1.50	20.01	1.70	1.30	0.09	17.89	1.27	4.43	0.48	22.31	1.36
(0.200, 1.000) GeV/c	5.89	0.11	270.03	22.92	120.19	13.70	80.85	1.50	19.87	1.69
(0.200, 0.264) GeV/c	5.81	0.11	41.92	3.56	6.99	0.80	40.88	0.76	3.28	0.28	11.88	0.91	83.57	6.42	6.71	0.76	90.28	6.47
(0.264, 0.335) GeV/c	0.08	0.00	49.07	4.17	9.36	1.07	27.90	0.52	3.70	0.31	0.14	0.01	47.76	3.63	6.33	0.71	54.09	3.69
(0.335, 0.445) GeV/c	0.00	0.00	65.64	5.57	17.12	1.95	10.97	0.20	4.90	0.42	0.00	0.00	13.26	0.98	5.91	0.66	19.17	1.18
(0.445, 0.658) GeV/c	0.00	0.00	78.67	6.68	36.24	4.13	1.09	0.02	5.73	0.49	0.00	0.00	0.95	0.07	4.99	0.54	5.94	0.55
(0.658, 1.000) GeV/c	0.00	0.00	34.72	2.95	50.47	5.75	0.00	0.00	2.26	0.19	0.00	0.00	0.00	0.00	2.65	0.30	2.65	0.30
