Dataset contains 3635 events.
***
pT range		NCohJ 	err 	NIncJ 	err 	NDiss 	err 	NCohP 	err 	NIncP 	err 	fC 	err 	fD coh	err 	fD inc	err 	fD 	err
(0.000, 2.000) GeV/c	2906.36	53.91	330.01	28.77	192.20	21.74	182.77	3.39	24.33	2.12
(0.200, 2.000) GeV/c	8.78	0.16	263.30	22.95	182.03	20.59	81.11	1.50	19.30	1.68	1.97	0.14	18.21	1.31	4.33	0.48	22.55	1.39
(0.200, 1.000) GeV/c	8.78	0.16	260.49	22.71	122.20	13.82	81.11	1.50	19.16	1.67
(0.200, 0.264) GeV/c	8.66	0.16	40.44	3.53	7.11	0.80	41.01	0.76	3.17	0.28	18.21	1.43	86.25	6.75	6.66	0.77	92.91	6.80
(0.264, 0.335) GeV/c	0.13	0.00	47.33	4.13	9.52	1.08	28.00	0.52	3.57	0.31	0.22	0.02	49.24	3.81	6.28	0.72	55.52	3.87
(0.335, 0.445) GeV/c	0.00	0.00	63.33	5.52	17.41	1.97	11.01	0.20	4.72	0.41	0.00	0.00	13.63	1.02	5.85	0.66	19.48	1.22
(0.445, 0.658) GeV/c	0.00	0.00	75.89	6.62	36.84	4.17	1.09	0.02	5.53	0.48	0.00	0.00	0.97	0.07	4.90	0.55	5.87	0.55
(0.658, 1.000) GeV/c	0.00	0.00	33.50	2.92	51.32	5.80	0.00	0.00	2.18	0.19	0.00	0.00	0.00	0.00	2.57	0.30	2.57	0.30
