Dataset contains 3635 events.
***
pT range		NCohJ 	err 	NIncJ 	err 	NDiss 	err 	NCohP 	err 	NIncP 	err 	fC 	err 	fD coh	err 	fD inc	err 	fD 	err
(0.000, 2.000) GeV/c	2894.88	53.90	344.73	29.10	188.35	21.51	182.05	3.39	25.42	2.15
(0.200, 2.000) GeV/c	5.99	0.11	275.05	23.22	178.38	20.37	80.79	1.50	20.16	1.70	1.32	0.09	17.82	1.26	4.45	0.48	22.26	1.35
(0.200, 1.000) GeV/c	5.99	0.11	272.11	22.97	119.75	13.68	80.79	1.50	20.02	1.69
(0.200, 0.264) GeV/c	5.92	0.11	42.25	3.57	6.97	0.80	40.85	0.76	3.31	0.28	12.03	0.92	83.01	6.35	6.73	0.76	89.73	6.40
(0.264, 0.335) GeV/c	0.07	0.00	49.45	4.17	9.33	1.07	27.88	0.52	3.73	0.31	0.13	0.01	47.44	3.59	6.35	0.71	53.79	3.66
(0.335, 0.445) GeV/c	0.00	0.00	66.15	5.58	17.06	1.95	10.96	0.20	4.93	0.42	0.00	0.00	13.18	0.97	5.93	0.65	19.10	1.17
(0.445, 0.658) GeV/c	0.00	0.00	79.28	6.69	36.11	4.12	1.09	0.02	5.77	0.49	0.00	0.00	0.94	0.07	5.00	0.54	5.95	0.55
(0.658, 1.000) GeV/c	0.00	0.00	34.99	2.95	50.29	5.74	0.00	0.00	2.27	0.19	0.00	0.00	0.00	0.00	2.66	0.30	2.66	0.30
