Dataset contains 3635 events.
***
pT range		NCohJ 	err 	NIncJ 	err 	NDiss 	err 	NCohP 	err 	NIncP 	err 	fC 	err 	fD coh	err 	fD inc	err 	fD 	err
(0.000, 2.000) GeV/c	2900.57	53.90	337.15	28.93	190.33	21.63	182.41	3.39	24.86	2.13
(0.200, 2.000) GeV/c	6.31	0.12	269.00	23.08	180.26	20.49	80.95	1.50	19.72	1.69	1.41	0.10	18.02	1.28	4.39	0.48	22.41	1.37
(0.200, 1.000) GeV/c	6.31	0.12	266.13	22.83	121.01	13.75	80.95	1.50	19.58	1.68
(0.200, 0.264) GeV/c	6.22	0.12	41.32	3.54	7.04	0.80	40.93	0.76	3.24	0.28	12.85	0.99	84.64	6.55	6.69	0.76	91.33	6.60
(0.264, 0.335) GeV/c	0.10	0.00	48.36	4.15	9.43	1.07	27.94	0.52	3.65	0.31	0.17	0.01	48.35	3.70	6.31	0.72	54.66	3.77
(0.335, 0.445) GeV/c	0.00	0.00	64.70	5.55	17.24	1.96	10.99	0.20	4.82	0.41	0.00	0.00	13.41	0.99	5.89	0.66	19.30	1.19
(0.445, 0.658) GeV/c	0.00	0.00	77.53	6.65	36.49	4.15	1.09	0.02	5.65	0.48	0.00	0.00	0.96	0.07	4.95	0.54	5.91	0.55
(0.658, 1.000) GeV/c	0.00	0.00	34.22	2.94	50.82	5.78	0.00	0.00	2.22	0.19	0.00	0.00	0.00	0.00	2.61	0.30	2.61	0.30
